-0.008
-0.026
-0.07
-0.052
0.012
0.048
0.04
0.04
0.05
-0.044
-0.04
0.02
0.012
-0.022
0.03
0.074
0.03
0.034
-0.038
0.02
-0.084
0.078
-0.012
-0.056
-0.08
0.084
0.038
0.02
-0.008
0.068
0.012
0.026
0.034
-0.048
-0.036
0.072
0.084
-0.022
0.07
0.022
-0.032
-0.002
0.006
0.006
0.018
-0.046
0.044
0.096
-0.008
-0.082
-0.018
-0.01
-0.032
-0.016
0.004
0.04
-0.03
0.064
0.028
0.042
0.042
0.086
-0.096
-0.076
0.056
0.024
0.032
-0.014
-0.084
-0.028
-0.02
0.01
0.028
-0.052
0.052
0.036
-0.014
0.002
-0.106
0.036
-0.032
0.09
-0.014
0.044
0.022
-0.016
-0.006
0.0
-0.022
0.06
-0.032
-0.064
-0.06
0.05
0.098
0.008
-0.022
-0.006
-0.03
0.01
