0.152
0.042
0.128
0.062
0.212
0.166
0.106
0.328
0.174
0.172
0.214
0.082
0.212
0.236
0.098
0.198
0.284
0.17
0.2
0.094
0.208
0.182
0.326
0.146
0.08
0.124
0.142
0.188
0.102
0.134
0.164
0.12
0.092
0.222
0.116
0.136
0.198
-0.012
0.106
0.22
0.064
0.12
0.19
0.144
0.192
0.106
0.074
0.058
0.09
0.156
0.08
0.042
0.16
0.166
0.188
0.252
0.192
0.262
0.168
0.182
0.062
0.226
0.116
0.206
0.048
0.096
0.196
0.092
0.184
0.002
0.208
0.106
0.172
0.19
0.098
0.19
0.038
0.262
0.19
0.072
0.082
0.152
0.002
0.222
0.136
0.156
0.154
0.158
0.132
0.172
0.062
0.06
0.176
0.128
0.142
0.3
0.1
0.226
0.102
0.156
