139
49
55
25
191
136
61
104
47
35
118
79
137
117
50
47
106
204
77
48
99
189
149
69
121
191
50
111
31
52
57
187
198
87
128
54
98
65
40
226
53
108
102
33
130
35
30
50
60
69
129
174
159
108
86
135
31
90
108
115
160
121
362
80
56
52
72
121
179
83
51
39
149
83
67
36
123
93
100
109
111
107
109
167
34
189
115
101
111
88
114
463
58
98
187
45
45
252
37
97
79
94
81
100
82
35
122
103
63
32
112
186
55
61
126
135
55
35
96
172
52
167
67
132
82
53
139
88
38
95
52
133
103
56
120
245
95
83
67
138
71
126
218
40
113
59
59
73
91
39
81
98
240
112
30
127
95
62
83
288
58
51
102
40
57
284
79
161
149
35
88
142
92
101
94
120
80
199
81
36
103
105
36
80
43
93
87
42
327
201
79
39
180
57
73
247
139
54
99
53
151
80
133
134
54
54
79
254
54
111
186
32
131
90
73
40
203
171
73
38
31
162
112
143
107
40
80
79
57
34
32
146
59
56
123
40
31
203
39
76
33
175
37
67
87
145
77
54
108
36
64
242
103
36
134
113
105
117
162
105
133
128
42
128
39
296
123
41
96
53
83
100
82
71
68
85
56
231
209
127
77
35
190
78
185
58
258
58
36
52
36
132
29
88
32
227
142
34
104
34
43
147
36
48
121
125
63
64
67
220
91
127
149
169
185
254
60
78
87
39
28
150
32
63
121
99
96
83
63
96
259
38
127
36
29
32
153
106
55
77
120
34
116
61
138
35
72
60
67
98
120
117
114
163
38
51
245
129
67
61
32
73
34
30
75
51
118
35
58
232
68
56
56
122
121
91
97
243
41
101
126
77
38
111
93
112
54
62
103
38
272
113
162
77
61
151
33
67
54
28
188
137
155
108
89
30
53
141
108
31
47
34
49
63
188
82
148
189
175
57
94
53
207
56
100
76
54
140
208
74
129
39
132
38
65
226
168
38
48
33
160
126
41
174
67
158
121
38
83
99
111
113
104
127
162
236
257
58
38
49
37
75
120
52
107
83
33
52
101
54
55
91
37
221
100
64
202
71
35
229
42
58
105
55
62
105
42
57
109
82
514
37
51
83
140
74
66
211
37
112
30
26
97
40
81
75
53
29
28
115
113
72
57
86
42
169
83
113
38
157
117
54
127
39
217
58
94
78
134
93
94
68
83
75
96
101
83
116
202
150
33
72
36
142
37
95
35
177
34
34
147
145
55
165
100
116
126
105
161
110
110
326
63
42
80
78
44
60
68
44
88
64
102
108
31
81
60
189
36
76
94
171
84
240
105
119
108
122
205
33
33
342
174
61
75
152
39
105
59
162
31
127
150
118
79
57
95
68
122
58
58
92
159
85
35
143
71
116
70
75
182
139
60
64
93
67
30
59
172
103
152
117
35
69
121
57
39
244
123
85
63
114
86
87
29
159
34
34
153
44
71
44
32
70
78
126
40
103
90
109
154
60
70
103
298
36
66
45
95
80
41
28
56
91
61
35
239
52
79
39
80
106
117
97
215
218
72
198
108
122
215
107
131
41
304
31
56
60
173
96
58
192
139
37
122
63
29
109
38
86
107
108
37
30
31
97
224
98
107
33
149
36
99
58
147
273
122
106
33
34
129
92
183
116
35
52
91
82
251
31
141
61
40
25
137
45
62
32
38
17
141
30
26
146
114
32
117
47
170
130
123
96
33
134
81
28
98
65
259
70
39
81
36
65
60
125
92
29
40
36
147
34
41
76
127
98
115
42
107
154
39
31
206
39
122
79
100
33
88
39
112
94
33
68
155
68
176
40
29
68
34
181
110
51
34
176
126
52
123
40
37
106
40
34
32
117
109
79
32
77
240
38
61
113
171
39
87
42
67
99
246
39
90
197
116
67
166
140
113
103
70
58
204
35
97
157
116
34
30
61
237
82
255
236
34
79
43
103
72
115
36
140
35
314
147
47
36
138
124
38
213
63
187
141
46
108
102
86
142
209
48
32
109
100
200
31
101
104
33
172
31
31
87
85
155
179
34
27
88
198
82
35
31
188
69
76
39
106
32
175
221
106
65
152
200
82
145
44
92
53
55
74
34
77
100
229
30
25
104
85
34
35
124
34
66
72
55
90
70
200
39
82
222
39
107
36
64
32
62
76
84
62
36
53
115
39
31
76
56
128
37
76
129
97
119
125
109
165
33
32
165
111
145
36
87
126
126
162
88
36
35
59
109
41
36
66
141
88
120
41
74
132
103
169
74
81
37
117
96
121
59
143
64
370
117
37
28
35
74
188
79
80
143
189
31
123
33
26
33
91
51
37
28
92
152
57
52
87
59
136
87
36
96
172
38
97
59
59
82
224
80
87
31
76
41
32
122
29
192
179
34
54
102
320
45
37
98
94
82
65
101
74
204
64
120
144
34
90
115
90
138
100
34
79
36
127
36
83
109
297
92
57
81
101
44
35
124
81
34
35
39
131
42
76
37
62
60
118
84
90
176
102
111
132
58
60
90
100
118
46
92
64
31
59
160
31
71
239
37
275
49
75
53
176
40
95
86
71
84
36
72
39
194
135
58
125
34
142
118
132
197
114
80
134
228
152
44
106
32
89
45
212
170
38
155
40
56
34
156
42
56
81
39
89
205
88
36
153
38
39
134
47
111
33
94
99
37
71
40
104
80
115
35
27
114
68
138
123
190
79
49
71
86
49
191
40
147
31
105
44
31
31
265
36
84
143
102
67
48
232
160
76
75
34
29
75
168
39
99
157
88
48
176
29
100
227
36
122
146
32
123
35
109
42
160
78
30
115
122
65
52
53
86
175
87
98
198
103
47
180
65
149
93
95
37
55
27
28
37
101
225
64
152
137
33
60
31
203
78
96
36
92
102
83
33
69
137
47
37
195
128
46
63
84
31
101
121
115
32
88
151
115
31
192
170
117
151
81
37
33
109
84
66
37
150
34
26
66
30
59
47
115
100
42
91
80
46
86
38
212
34
63
230
122
40
76
91
52
196
34
101
183
42
164
149
82
48
213
130
148
48
34
155
34
30
122
126
74
242
108
86
128
188
114
84
136
279
92
36
53
41
32
167
162
27
39
144
49
125
48
106
177
158
111
185
43
93
128
68
29
28
42
15
74
39
125
50
69
112
97
112
122
98
33
133
67
395
70
215
86
43
42
143
74
31
126
84
38
32
60
68
71
125
95
104
131
111
35
216
110
109
43
62
111
34
188
37
201
66
250
39
113
35
129
43
78
30
228
123
28
26
119
33
197
38
32
116
107
117
103
109
88
87
147
174
32
102
191
215
65
138
71
36
40
118
35
52
111
204
48
142
109
224
48
114
45
97
148
35
60
42
197
36
27
83
79
104
36
88
91
117
123
106
138
144
42
33
42
50
169
204
70
103
70
99
35
36
159
33
92
147
32
43
17
39
30
95
229
92
130
96
36
132
101
41
66
209
141
171
37
37
342
181
62
94
177
60
35
40
44
169
56
77
53
92
39
38
16
116
81
141
113
81
33
89
31
171
40
87
92
73
96
70
97
66
119
257
133
30
86
191
103
109
47
146
50
107
35
53
31
28
184
171
104
27
149
60
81
140
79
85
65
179
116
80
41
83
43
103
117
95
33
118
38
455
49
74
34
70
35
104
37
35
127
58
30
31
43
49
119
41
40
98
90
135
78
69
37
111
108
47
224
237
81
107
40
171
59
216
111
187
66
23
75
30
120
44
37
66
62
151
71
135
93
31
31
42
107
67
28
103
133
47
32
30
33
79
32
106
64
72
137
150
33
24
95
43
69
94
180
84
28
105
117
59
31
66
34
32
78
98
68
70
112
36
160
177
48
31
161
62
224
56
64
35
129
51
29
34
92
36
137
33
43
44
194
38
89
111
40
103
33
91
64
66
41
66
295
70
62
47
40
83
210
75
29
28
30
34
162
63
42
32
46
80
116
79
39
66
196
38
38
104
122
40
104
68
102
47
87
125
77
58
71
114
184
128
54
37
98
161
60
32
36
81
121
30
35
85
27
43
21
93
34
29
111
65
37
106
126
31
28
32
115
31
79
84
42
84
90
187
35
104
32
167
33
106
106
137
32
29
60
41
25
116
92
135
96
110
122
32
27
79
220
31
34
90
46
94
121
40
132
150
33
27
25
87
210
69
158
36
75
125
88
87
33
39
122
103
42
77
289
57
57
113
34
72
62
143
134
65
148
55
29
38
36
84
28
202
99
174
47
39
241
65
37
117
86
59
80
51
146
256
92
234
104
59
137
30
62
37
34
62
124
35
135
32
109
123
92
68
32
103
126
72
28
33
69
36
177
78
130
35
151
33
120
148
269
50
92
130
26
24
125
35
25
172
49
116
50
152
71
35
210
152
115
70
96
42
98
167
226
162
102
187
41
29
102
109
130
142
58
454
53
48
121
157
150
72
33
38
35
148
38
84
154
127
85
55
45
63
167
183
98
42
66
117
82
124
213
29
43
197
125
196
67
63
174
35
72
52
165
37
42
22
66
165
34
164
96
127
112
130
80
301
96
30
183
39
108
43
136
228
31
142
108
29
139
97
123
68
65
72
115
391
42
62
145
36
37
105
45
97
193
78
72
39
93
83
104
38
84
99
130
94
44
73
30
120
70
178
134
163
236
107
37
105
39
66
30
60
34
118
42
37
69
38
83
35
89
82
40
183
96
100
157
49
31
103
80
85
132
66
149
74
188
42
75
184
68
52
17
207
85
48
154
60
129
83
95
57
113
76
146
123
65
87
72
111
182
107
47
144
194
38
85
261
136
39
78
34
40
111
103
90
202
89
102
43
58
37
190
82
88
86
70
143
69
250
64
109
151
33
91
63
145
131
105
45
81
153
90
41
224
205
189
139
89
153
66
79
110
71
43
51
91
41
176
109
240
32
59
167
40
47
118
99
38
84
144
84
67
46
228
246
35
93
187
103
57
167
33
32
81
59
115
40
32
34
79
34
60
124
131
114
85
101
110
68
37
98
212
114
74
117
259
45
86
45
33
31
33
30
146
30
40
22
87
36
63
102
187
35
39
188
40
29
193
50
30
25
152
37
75
31
183
34
37
145
140
70
52
94
110
129
108
94
152
34
32
67
30
370
95
158
68
54
178
290
42
34
33
45
36
194
33
88
31
70
216
50
136
81
41
37
165
33
209
157
42
30
46
162
162
144
60
65
87
151
65
56
30
161
34
108
58
97
31
28
28
138
62
32
97
35
102
58
52
83
35
184
69
137
35
72
84
35
131
149
73
173
42
110
42
62
30
28
120
70
201
46
82
197
81
56
178
40
136
64
40
74
60
46
125
29
116
81
34
120
43
119
66
75
35
169
103
113
137
157
46
63
240
201
179
94
47
37
154
50
29
44
67
79
48
38
25
32
35
41
85
116
95
104
112
142
34
207
33
85
98
109
126
198
94
153
76
238
32
37
39
231
96
37
32
171
56
90
31
30
103
56
29
72
66
62
133
120
73
32
114
111
81
68
146
167
42
108
46
40
137
204
38
152
42
88
28
115
83
108
71
137
182
39
63
193
37
42
20
100
94
32
28
127
93
35
37
161
91
101
47
115
138
94
90
116
121
117
150
63
57
29
93
106
169
39
175
37
57
102
109
46
128
159
42
35
58
150
109
110
47
167
142
37
209
46
65
86
44
90
95
216
64
49
450
48
32
67
211
73
55
30
163
149
61
112
201
67
41
93
126
66
62
67
79
135
45
173
173
56
133
131
289
121
44
41
35
40
51
101
68
119
77
116
60
105
56
66
39
183
149
44
263
42
84
41
168
70
138
122
34
92
110
101
62
84
80
129
157
68
42
34
88
113
212
69
76
41
72
45
59
109
72
63
89
133
43
30
38
34
124
80
94
146
211
42
70
161
99
72
153
43
77
32
162
39
36
38
240
220
59
101
41
154
74
65
184
40
111
159
59
138
92
114
147
65
31
90
39
35
132
113
103
187
141
36
157
215
59
112
108
38
151
64
38
127
186
41
130
87
32
196
85
111
184
76
38
67
237
184
158
40
94
203
117
103
36
68
37
144
57
270
203
74
126
62
58
156
109
58
40
164
114
57
85
116
118
79
257
134
125
66
34
123
94
46
87
186
57
270
231
64
69
42
174
57
61
232
142
83
59
88
28
93
33
49
67
84
111
56
34
109
144
69
85
142
119
45
33
33
90
87
245
77
66
34
85
80
63
132
33
177
65
83
43
179
47
272
36
130
63
230
64
106
142
37
34
38
72
186
96
135
40
68
137
68
36
84
158
37
34
73
100
114
129
120
62
98
106
63
119
63
43
56
167
55
32
58
40
86
104
126
75
221
46
180
67
57
42
35
71
115
129
50
67
82
66
35
168
267
36
30
77
41
26
132
98
37
73
166
139
150
35
79
90
36
86
105
115
60
68
80
92
106
98
124
47
134
50
129
70
85
111
98
90
88
46
60
34
141
42
69
89
73
142
36
140
86
257
38
118
42
62
109
78
37
76
69
88
71
38
64
120
108
61
61
93
114
139
197
184
99
124
102
139
69
82
75
37
61
73
50
65
58
86
224
151
104
43
201
131
83
109
41
36
198
70
172
62
42
100
209
62
33
321
160
67
64
35
163
88
64
173
159
164
36
58
96
84
38
109
129
63
136
124
84
83
136
104
73
36
108
59
101
125
152
144
39
57
103
91
122
81
108
96
166
90
40
196
56
141
58
61
146
72
44
37
104
81
190
146
97
130
98
235
105
179
82
128
287
118
115
85
47
41
165
36
37
65
165
260
138
106
75
160
72
290
144
162
120
191
118
128
130
199
68
105
184
84
110
123
94
77
33
92
210
64
40
55
72
128
69
38
94
34
168
109
104
171
134
71
45
97
221
190
76
68
33
111
97
87
99
103
37
33
123
88
215
90
101
95
83
121
83
39
197
74
144
123
133
80
112
139
109
96
169
63
41
123
246
67
215
113
98
107
129
175
133
72
283
118
121
61
58
240
66
154
105
117
34
95
72
65
193
41
94
176
40
32
39
66
126
127
31
34
176
87
83
130
42
32
32
103
68
155
119
66
85
55
124
101
74
118
191
150
40
69
79
224
155
76
71
30
119
82
193
140
84
74
43
68
205
45
154
81
62
95
62
116
192
38
32
83
190
128
82
124
124
115
103
79
96
39
198
223
39
60
68
97
107
46
40
103
81
93
145
47
78
46
38
75
127
113
90
135
68
47
115
121
41
91
93
114
112
207
58
44
277
206
97
38
35
149
50
101
207
135
132
56
30
50
75
54
40
125
113
62
55
108
198
80
131
38
165
39
77
62
122
259
157
63
71
51
128
43
77
110
39
98
39
169
65
265
147
57
40
201
40
69
153
257
167
114
202
238
106
167
97
43
94
122
171
70
33
35
179
184
90
102
140
151
37
99
137
83
95
140
97
142
129
118
73
76
167
185
122
155
153
184
106
233
37
46
256
125
159
36
45
120
76
132
136
53
158
76
108
112
102
147
90
97
170
244
50
116
207
100
85
77
74
147
192
89
189
56
171
92
62
98
81
57
205
73
121
88
75
83
128
125
128
98
101
56
127
74
40
223
102
72
83
145
98
40
51
105
56
62
57
145
43
36
82
62
62
98
36
82
93
130
83
85
142
59
40
59
131
88
38
31
53
217
63
511
39
97
170
122
49
195
145
144
56
65
115
50
33
98
170
39
31
98
31
183
39
68
104
179
133
87
364
53
86
52
38
220
65
151
56
121
162
51
60
199
64
53
95
42
54
41
153
74
42
191
172
54
112
55
61
53
174
38
100
76
137
160
76
53
100
287
71
129
90
54
35
133
71
43
35
56
166
43
57
54
85
109
117
43
53
119
77
91
40
152
103
223
136
132
78
62
305
182
113
104
130
35
43
73
200
53
73
132
52
57
54
85
48
76
77
124
50
40
112
50
64
92
34
76
94
207
102
39
80
100
256
146
139
29
116
239
39
49
76
194
40
277
163
36
53
77
145
60
67
194
32
73
66
143
40
292
165
82
116
165
36
78
121
261
110
132
108
176
94
44
68
149
63
56
42
54
61
123
87
104
130
106
35
112
110
35
86
88
105
133
73
106
108
234
100
145
166
162
71
49
248
124
35
46
67
77
152
49
36
124
113
37
96
89
192
37
64
127
176
140
178
203
59
63
93
61
38
156
55
59
136
153
192
56
58
230
171
64
220
329
41
96
96
120
56
158
111
241
94
41
121
44
77
55
42
267
71
68
120
131
184
66
131
141
71
40
146
131
89
80
60
180
66
189
120
113
39
71
90
35
209
233
338
161
171
31
64
243
31
111
174
35
29
128
58
142
149
56
126
174
62
74
126
182
124
98
140
213
138
33
51
102
116
52
53
117
58
121
178
62
33
28
198
66
79
39
279
111
212
171
41
144
115
79
135
132
109
41
79
150
36
65
42
68
269
76
57
143
84
82
119
71
274
129
127
110
117
272
54
67
189
99
102
127
63
59
71
149
91
162
158
154
77
58
196
102
30
25
169
165
30
27
97
32
39
115
35
48
158
112
58
154
204
62
149
50
135
188
128
266
138
60
126
112
35
44
131
51
128
113
81
37
65
243
149
86
65
132
38
46
54
149
41
48
169
142
124
204
114
123
116
153
214
138
173
71
127
106
279
74
84
146
113
82
67
179
76
196
69
271
227
85
127
77
134
564
120
40
172
44
72
153
83
110
45
32
115
106
101
64
32
115
133
53
55
95
206
94
94
215
134
106
57
236
52
128
38
78
179
166
63
66
114
170
50
63
218
156
122
113
89
79
36
198
50
70
199
35
103
220
47
71
101
115
159
89
40
404
81
33
114
51
49
35
131
95
76
185
130
145
94
121
104
108
97
49
39
201
100
103
107
111
212
40
95
230
152
82
101
54
212
127
167
44
96
29
151
33
146
89
135
107
69
71
70
215
100
103
137
68
122
54
179
188
73
107
73
52
153
36
53
124
56
57
99
51
110
86
261
153
62
80
121
30
44
70
205
68
104
173
81
95
150
130
106
128
36
108
75
64
192
187
73
50
93
114
75
129
65
76
203
100
34
218
121
90
187
49
74
205
59
48
88
34
86
114
77
116
33
42
35
276
50
156
38
86
67
140
47
45
30
38
175
34
120
155
35
26
40
94
47
30
143
104
32
60
132
114
94
90
118
181
162
55
127
212
63
103
52
65
72
113
46
34
186
91
66
155
48
57
215
46
106
48
34
43
171
76
68
204
47
34
111
141
88
50
188
139
101
114
166
38
77
225
232
48
114
57
74
72
104
65
59
204
38
136
35
72
212
102
41
106
80
33
62
164
56
51
127
93
37
96
105
99
33
200
57
110
183
59
73
194
104
29
34
175
137
155
45
123
60
51
143
114
62
84
60
225
61
60
94
163
44
115
57
129
244
33
61
57
56
53
98
67
36
52
161
89
80
52
56
74
65
247
146
86
78
74
94
38
69
198
45
142
64
93
36
101
91
104
128
107
78
85
113
77
149
364
37
133
111
55
89
116
85
137
79
63
49
94
118
111
97
124
97
33
67
179
34
84
94
100
38
91
90
98
74
233
296
63
66
190
83
31
37
28
169
43
92
31
44
86
71
30
95
57
32
41
73
128
81
85
54
114
81
45
72
72
45
161
157
55
137
218
88
74
48
55
34
27
118
44
56
110
57
49
101
48
119
65
278
34
139
55
58
128
65
92
209
34
46
103
151
124
49
77
82
32
96
113
107
181
73
125
136
99
73
59
55
93
146
48
80
109
38
30
47
128
190
224
87
114
212
37
52
190
48
61
83
119
38
80
40
90
76
72
206
107
199
87
51
196
111
58
154
45
114
29
162
67
107
70
33
115
121
53
28
100
33
186
106
108
52
141
122
65
136
238
47
119
80
79
133
71
126
48
48
93
70
123
49
48
35
194
143
119
193
45
57
45
199
50
73
95
87
35
54
81
100
81
247
86
56
115
72
171
287
75
145
30
93
49
127
56
76
155
58
88
50
127
104
103
110
206
38
63
180
194
59
79
114
202
286
58
243
76
79
169
105
32
35
180
143
67
83
47
89
80
57
30
120
121
62
137
47
187
54
31
94
172
54
117
194
261
117
53
67
71
117
71
209
67
119
116
87
45
203
148
51
46
65
127
43
83
46
154
34
40
43
48
36
142
49
70
76
134
126
106
34
84
153
30
39
65
86
149
107
113
49
104
38
48
48
83
102
68
36
49
34
149
49
63
36
64
167
92
84
57
172
56
143
84
82
140
89
72
65
58
133
36
31
41
35
137
106
207
81
55
179
31
73
27
34
47
120
41
117
29
98
42
41
33
119
63
152
123
59
63
82
52
164
80
109
207
129
46
32
112
85
140
49
122
43
51
31
35
134
77
57
98
61
110
109
70
44
54
239
33
108
48
51
145
48
57
69
199
89
106
147
107
46
83
107
122
110
62
66
147
48
33
57
95
101
166
37
76
105
75
65
46
127
82
55
63
146
33
81
34
121
105
94
122
63
59
103
155
124
72
99
58
85
86
48
38
146
50
64
128
114
94
116
84
61
185
80
265
39
41
68
65
98
42
135
65
43
33
103
129
41
33
38
66
150
73
73
41
73
50
150
144
46
139
254
44
54
59
63
200
35
86
116
43
123
80
109
57
45
231
53
111
31
68
36
149
43
50
51
197
33
56
86
153
45
60
57
54
46
81
36
190
118
68
90
83
62
93
98
181
74
47
93
108
49
30
135
62
67
44
145
35
96
144
116
100
48
60
163
59
263
67
117
49
92
105
118
98
78
177
155
136
54
34
101
174
91
48
39
168
41
94
44
114
45
153
64
39
109
127
58
157
30
47
134
80
122
115
82
31
96
33
158
247
154
45
58
40
157
241
35
109
86
73
43
48
42
221
46
122
96
30
128
104
61
213
74
251
34
95
98
110
107
110
41
90
160
30
70
49
81
309
74
34
89
97
45
52
111
58
36
48
54
150
29
39
57
135
100
115
79
44
120
66
51
218
117
117
109
116
58
52
92
32
43
206
132
168
52
80
49
155
71
28
32
200
38
49
50
157
51
40
37
78
56
33
39
88
123
50
32
36
78
42
107
52
110
96
41
143
47
104
48
49
102
221
54
105
34
87
43
31
98
44
147
60
49
72
41
52
124
101
232
72
121
52
34
41
114
52
90
46
170
63
58
56
167
30
38
44
100
98
34
110
88
117
161
69
62
68
253
71
80
97
42
114
34
139
69
44
44
179
31
44
73
114
50
100
81
49
66
191
51
91
91
68
33
40
59
81
98
115
32
53
103
36
53
56
240
93
106
71
96
75
97
49
52
29
47
167
47
39
54
30
35
80
40
28
38
100
58
28
32
102
114
71
40
103
46
74
89
77
64
83
138
43
30
115
71
110
238
47
115
42
62
64
102
55
34
55
99
75
92
83
91
45
47
267
84
67
82
44
127
53
56
57
190
32
27
101
48
136
40
61
43
175
118
121
112
168
126
94
250
88
62
115
111
46
43
118
55
34
43
45
50
97
46
43
44
110
83
51
96
121
111
105
43
72
94
73
33
65
118
87
57
61
50
159
32
47
86
97
138
164
49
49
55
184
63
37
27
30
122
79
45
81
30
33
103
43
64
70
41
55
39
91
126
53
30
109
30
140
41
44
63
118
119
66
44
67
48
148
57
176
74
104
47
45
41
30
126
39
67
125
100
73
61
114
52
42
188
57
156
76
40
31
152
107
221
73
46
70
116
41
29
40
55
46
88
57
132
104
40
59
56
125
96
146
109
177
76
119
47
83
61
107
93
65
154
48
44
45
44
31
85
131
91
33
75
53
97
49
35
63
175
76
33
65
60
102
112
148
74
66
162
134
34
180
42
103
192
39
31
37
49
177
145
165
38
61
119
47
30
116
112
62
67
74
32
71
130
83
95
40
168
131
45
147
245
45
41
58
31
50
62
41
105
48
231
125
69
48
80
81
42
175
42
156
41
41
29
205
71
69
141
48
47
75
166
41
82
106
44
60
53
75
111
116
164
41
58
233
180
47
45
132
96
46
32
124
66
31
60
164
48
30
47
46
103
233
76
167
75
32
129
120
200
121
31
72
150
91
345
56
149
44
84
48
145
50
58
35
35
177
40
51
57
29
104
39
45
39
94
45
41
120
135
36
38
28
33
65
30
83
96
44
42
129
105
70
59
81
44
410
53
60
32
84
45
156
43
46
114
51
55
64
102
89
48
57
114
101
38
45
121
69
32
152
50
111
178
75
72
61
40
101
32
71
41
100
89
125
108
105
169
93
136
126
194
53
31
54
46
92
47
47
116
74
77
56
121
32
37
40
40
131
119
87
113
192
45
53
194
62
46
111
108
122
62
60
74
34
43
196
315
34
60
53
42
136
100
35
199
46
107
35
36
75
51
58
103
79
40
92
129
57
133
48
177
49
69
87
138
57
115
39
417
47
85
44
64
30
35
121
43
42
176
42
62
58
109
61
41
53
47
183
39
45
75
51
68
137
69
45
62
56
125
32
148
93
85
31
45
40
60
142
40
86
104
40
85
164
60
54
98
229
105
61
44
64
139
70
47
53
87
30
36
49
33
115
33
65
44
251
92
95
236
46
100
109
33
37
64
75
121
112
76
133
77
305
200
60
33
51
202
34
44
59
177
35
45
76
28
91
43
48
147
47
37
31
103
108
39
41
30
104
37
161
70
31
114
181
41
105
36
153
264
28
97
37
29
52
59
80
41
44
54
96
50
41
111
76
104
42
49
40
159
49
29
144
59
38
191
74
44
32
169
64
73
55
47
87
42
56
138
43
58
42
96
98
113
40
63
66
40
63
48
185
188
83
50
72
39
62
79
110
69
48
46
60
97
48
31
56
79
60
124
98
46
32
48
210
274
40
170
122
109
30
173
87
158
32
122
167
54
85
54
178
59
39
239
49
72
27
29
77
39
41
30
127
61
45
105
123
51
136
36
178
87
43
88
170
38
47
119
133
234
42
123
38
81
73
96
39
60
107
68
43
92
101
89
66
39
226
55
117
53
38
31
66
71
48
74
43
179
38
109
52
141
41
96
196
118
108
123
148
40
65
440
37
45
129
84
42
49
103
66
38
68
179
41
61
41
133
98
102
108
50
165
40
236
76
154
92
63
59
60
135
95
192
82
57
156
43
47
58
199
40
56
40
199
137
35
43
85
43
52
102
42
47
116
38
83
77
37
91
43
81
98
112
99
180
35
166
382
71
70
39
67
39
44
101
71
152
41
46
81
189
45
46
37
220
40
114
58
58
56
140
71
43
192
43
62
228
40
91
81
120
39
95
108
113
53
108
37
74
123
214
83
90
100
36
53
64
163
62
38
30
37
31
145
38
70
39
210
53
79
38
55
129
81
29
60
185
38
47
97
147
39
75
203
38
40
43
277
147
51
124
28
144
34
56
38
25
40
158
32
49
64
27
128
51
36
34
92
57
54
125
100
49
47
38
65
50
73
81
41
70
99
44
81
71
35
96
179
245
37
137
38
50
43
68
67
60
35
188
72
53
47
124
40
77
197
38
166
46
39
35
29
111
63
74
133
63
37
42
107
42
38
88
36
71
123
104
37
178
30
99
39
118
49
44
129
135
103
45
39
48
37
119
41
83
159
47
46
50
58
133
46
65
62
106
118
83
36
48
62
172
40
54
183
43
177
101
42
103
45
87
74
46
46
463
69
30
48
40
154
41
62
41
200
34
106
160
28
36
53
78
46
39
35
102
129
54
47
93
34
52
116
64
79
77
193
116
38
64
87
240
78
100
69
34
38
122
41
77
109
56
151
88
59
38
66
219
45
136
50
52
29
118
51
41
104
62
131
39
59
77
50
101
73
52
125
83
37
221
107
135
42
57
37
83
116
254
42
36
86
109
44
137
56
40
40
43
38
116
40
37
68
38
81
117
125
92
211
47
54
185
44
60
112
95
123
50
156
62
37
136
54
87
193
37
37
87
171
84
31
48
181
33
112
35
32
84
43
57
118
62
44
93
146
43
27
51
52
210
63
60
94
193
27
87
39
48
121
246
43
82
35
85
38
33
95
51
34
71
100
78
94
29
35
127
76
232
42
152
43
41
158
47
43
67
221
213
103
35
35
86
94
88
35
91
106
40
82
36
127
50
69
68
45
277
50
48
50
88
63
51
37
108
93
134
115
39
124
35
81
120
103
110
150
52
41
99
138
27
29
154
40
79
112
201
43
65
150
45
186
114
49
55
45
44
141
44
44
31
63
135
43
110
167
45
145
65
47
113
99
70
41
100
39
162
47
95
101
33
133
28
113
48
130
281
126
33
32
53
37
143
39
55
128
95
87
81
99
67
33
41
198
35
105
77
34
53
115
46
111
196
40
176
119
116
116
79
38
110
92
117
59
122
86
134
104
73
92
107
212
50
38
193
39
51
52
111
27
46
60
46
97
108
119
61
80
140
61
46
53
155
37
40
247
28
90
43
162
34
43
41
145
146
163
38
38
73
200
80
30
26
37
127
57
110
33
132
34
57
91
39
37
160
116
55
36
108
35
73
140
72
102
184
39
128
54
129
88
112
77
105
81
40
28
38
89
27
49
193
51
81
51
140
102
74
116
48
51
121
38
37
36
157
34
46
62
185
43
36
50
208
34
34
56
48
77
78
54
191
41
66
36
123
73
36
36
120
263
57
53
71
71
78
36
36
94
41
58
36
35
50
123
37
36
96
36
48
130
120
87
133
114
52
85
110
337
51
59
43
153
61
44
131
56
296
35
88
50
165
30
60
32
25
191
128
74
87
44
34
36
93
70
27
110
137
56
34
104
38
117
66
206
181
41
104
60
352
34
33
48
51
35
43
51
36
130
43
174
51
66
75
125
47
90
235
50
154
45
35
36
134
42
76
38
117
68
66
115
41
94
48
56
123
125
134
90
120
35
69
56
28
77
404
29
74
41
59
40
86
37
38
104
54
39
37
73
157
38
50
47
122
40
73
39
76
94
228
37
40
189
38
45
249
30
55
50
49
123
26
35
84
105
39
265
46
37
27
76
177
34
57
51
190
43
90
53
27
78
56
37
36
100
45
37
38
70
46
94
37
34
114
167
38
106
119
173
35
37
71
36
44
53
51
223
58
40
91
68
44
38
129
45
36
170
60
39
81
59
92
35
65
35
199
165
42
56
37
37
79
58
105
47
106
65
35
76
55
154
35
67
44
90
91
39
104
96
112
164
36
60
113
329
74
37
102
35
62
41
42
175
35
62
75
99
47
71
39
118
109
106
60
55
107
78
38
250
40
64
112
103
39
40
47
193
31
33
189
37
296
137
199
48
43
31
31
145
47
38
102
32
105
45
32
133
37
47
33
99
43
87
53
47
50
44
42
175
51
50
98
33
101
67
115
34
168
277
40
80
34
52
42
35
52
85
36
82
85
46
86
54
45
140
34
50
183
72
46
106
49
42
49
34
97
43
39
58
41
163
35
37
108
61
87
52
30
51
105
109
107
119
105
38
123
37
67
59
74
116
116
58
56
52
36
69
38
74
37
40
131
63
39
42
58
136
46
59
36
60
63
105
92
92
29
84
58
59
40
39
199
47
45
114
49
68
89
53
70
107
41
48
470
48
35
58
37
166
30
79
25
27
31
166
38
100
31
99
42
37
42
50
64
53
28
118
129
46
33
40
74
37
80
113
71
115
47
148
35
101
34
156
247
32
123
34
57
49
49
99
87
98
64
44
93
47
97
58
68
55
197
50
91
53
63
37
133
63
96
198
29
45
93
166
39
61
39
196
40
78
115
41
78
38
118
35
49
37
113
79
228
52
38
93
40
62
62
150
56
39
44
67
109
45
108
134
126
88
36
75
44
88
104
252
41
40
127
117
36
79
72
124
74
158
145
197
42
114
195
34
39
51
30
176
46
105
35
95
39
31
34
25
96
42
39
34
95
127
40
33
32
83
42
157
33
48
41
94
200
37
45
57
59
348
50
38
116
63
41
34
36
92
50
46
118
74
97
52
46
92
27
73
248
34
91
38
40
63
39
48
109
62
39
45
122
42
35
141
158
47
68
133
76
28
221
99
172
34
46
56
364
41
37
47
115
44
79
48
124
55
38
43
35
35
135
36
82
36
112
119
75
35
87
151
48
43
247
41
41
149
99
37
73
74
83
53
37
28
42
256
159
70
39
84
188
43
32
30
32
37
184
118
33
31
67
56
38
36
113
40
41
35
84
41
90
46
33
116
117
101
97
120
97
81
37
85
44
54
92
239
42
157
33
40
35
34
105
74
42
96
67
85
38
36
128
41
47
48
25
206
43
123
57
54
41
137
81
38
43
156
36
35
112
156
44
88
97
108
115
99
42
85
48
117
38
36
39
381
42
58
37
118
95
43
40
99
76
54
38
43
132
58
60
36
49
74
101
128
81
209
56
42
177
35
35
39
126
103
112
45
100
60
35
34
201
50
114
137
35
41
51
58
147
30
60
32
34
32
153
41
102
33
25
79
41
58
42
77
27
45
36
116
122
41
34
25
97
34
65
116
62
41
96
191
32
109
45
45
93
231
50
109
67
56
32
127
34
36
33
184
133
50
112
35
72
38
166
52
43
73
37
45
51
36
144
44
95
39
145
38
57
107
40
102
33
107
93
112
27
103
107
99
172
33
47
43
221
153
60
40
36
100
54
92
160
63
34
36
40
66
80
36
35
82
131
107
102
113
101
117
35
234
28
72
103
115
45
78
39
156
34
71
295
196
38
89
186
104
36
36
162
36
42
71
34
37
102
33
34
41
83
57
38
107
139
53
33
105
48
169
82
37
73
44
129
44
112
33
163
103
171
39
59
37
63
35
38
44
83
47
51
123
70
40
56
41
60
50
57
85
45
154
44
60
91
58
52
34
40
86
62
72
45
142
27
40
34
57
66
45
103
83
63
65
121
138
111
105
45
122
34
36
29
47
97
291
29
45
34
73
35
97
34
153
46
34
67
50
45
77
52
49
69
87
130
107
35
60
39
104
87
39
46
80
107
35
63
211
26
93
38
177
28
66
156
142
203
64
61
39
118
29
99
31
36
176
138
34
48
88
43
31
124
35
34
39
101
121
50
32
120
52
78
91
79
111
38
147
33
132
178
245
50
92
51
51
48
25
126
39
52
116
75
61
69
154
36
67
33
41
109
58
72
93
54
36
34
134
53
61
64
177
40
55
80
144
33
42
73
81
121
39
77
114
101
36
39
100
35
66
47
96
98
151
40
54
42
71
141
43
59
85
66
37
62
41
136
44
58
40
84
58
127
77
65
38
98
121
64
129
80
50
40
132
99
118
44
148
36
64
145
177
170
35
60
53
40
175
71
29
30
178
29
102
40
143
51
30
96
68
33
121
175
30
33
86
41
97
167
117
40
155
43
92
54
135
209
56
140
96
37
36
100
37
61
130
57
119
195
41
32
254
174
31
49
51
100
58
43
68
206
39
38
159
94
39
96
95
107
40
195
39
69
38
127
47
70
218
215
38
35
36
88
34
52
43
47
107
40
42
34
41
42
162
38
33
35
45
93
223
56
47
157
74
32
153
87
50
74
80
89
33
33
69
191
33
27
58
173
291
40
33
81
35
145
39
72
29
32
167
58
96
31
42
76
40
30
34
90
82
49
86
118
73
33
31
78
33
176
90
109
36
162
52
89
38
51
88
35
95
140
51
96
72
41
33
109
34
43
48
135
52
72
42
67
119
39
65
205
45
121
94
42
35
97
69
64
38
133
69
27
36
122
134
37
85
112
87
35
27
73
118
126
56
86
116
89
47
97
108
56
41
36
35
34
70
99
45
40
137
62
38
39
47
112
36
38
35
72
132
100
93
42
44
29
119
95
54
134
86
58
126
131
40
79
34
48
85
52
30
68
308
180
35
54
36
145
62
58
36
33
46
134
37
103
37
33
90
37
32
31
105
57
43
134
119
45
37
104
41
64
117
53
39
110
166
38
121
429
57
32
60
46
37
37
32
34
105
52
35
155
49
77
46
77
64
50
43
42
43
184
45
130
37
40
36
49
72
53
42
57
43
99
81
36
53
103
154
33
58
37
105
86
36
84
122
98
53
112
37
49
40
108
103
175
34
59
41
102
98
41
49
110
60
71
47
142
48
43
44
47
85
134
85
43
72
110
73
52
37
214
41
41
95
44
90
100
35
71
74
51
47
35
36
141
133
185
68
73
38
122
31
25
83
29
180
44
123
33
43
91
35
26
43
86
54
38
120
111
64
37
37
69
31
89
110
67
39
76
35
158
35
109
33
153
86
160
160
36
54
38
32
39
82
84
47
94
52
56
83
37
91
49
38
45
43
183
32
141
61
44
41
126
33
53
48
40
116
64
58
113
99
65
52
73
93
39
67
34
92
37
78
103
28
65
69
45
57
110
78
59
162
79
34
86
36
102
40
143
35
61
39
56
42
122
36
39
49
52
82
88
119
94
46
109
66
56
44
184
45
35
119
39
78
124
54
49
113
37
36
179
144
174
35
57
63
158
28
33
76
56
163
41
102
24
39
79
48
32
40
89
53
25
28
115
133
42
51
100
117
88
101
101
59
101
46
46
80
51
116
46
227
143
38
63
41
32
111
49
27
144
46
59
109
83
72
34
64
34
198
43
133
41
38
33
124
45
51
57
36
155
45
60
90
40
132
33
46
57
104
88
44
90
95
48
67
46
125
42
56
112
279
41
71
92
51
102
35
33
117
59
36
34
36
141
39
37
36
39
44
101
106
94
34
96
214
43
213
36
65
141
101
29
34
47
43
50
117
41
38
160
336
80
58
35
143
36
42
43
33
195
32
37
81
34
78
64
25
33
49
76
54
32
114
122
72
45
34
52
31
113
48
47
102
83
26
158
56
77
66
130
253
127
32
51
44
33
31
118
44
164
73
38
66
59
111
41
82
33
206
32
124
39
65
37
143
45
90
32
162
42
65
107
127
46
35
59
88
104
33
101
106
118
41
109
37
47
454
57
31
120
107
37
80
96
49
39
47
37
108
41
57
68
42
91
93
33
103
90
121
80
42
34
228
36
49
111
38
70
43
87
59
134
43
64
143
330
33
42
90
170
104
30
179
37
109
44
30
117
43
36
111
70
35
105
119
30
49
41
97
202
98
101
199
154
51
409
122
42
49
30
30
140
66
134
55
41
102
75
104
52
39
41
212
153
36
50
47
125
46
101
208
35
37
130
136
36
302
47
176
49
78
73
90
34
63
434
55
33
91
49
110
26
121
103
33
31
42
145
36
37
35
32
53
79
104
118
32
65
211
48
226
36
173
52
65
35
91
204
40
32
167
59
106
180
37
42
50
193
55
38
27
211
38
99
35
29
81
36
31
42
106
44
48
32
98
97
58
29
66
68
32
190
75
126
39
152
38
102
38
400
37
102
96
40
49
102
35
87
123
61
90
74
128
37
47
38
185
46
141
87
37
102
39
49
107
188
30
30
37
91
146
34
213
86
136
103
118
42
113
36
83
103
297
81
38
42
46
41
88
44
41
90
68
47
54
34
152
33
98
53
66
216
37
86
202
36
47
192
32
35
38
213
34
92
42
158
39
69
132
165
178
33
49
59
41
130
39
70
29
30
199
39
92
29
108
47
29
29
122
43
37
33
105
109
32
30
30
30
79
39
71
89
54
67
116
119
70
128
36
139
285
107
36
72
36
31
131
53
41
35
75
43
71
90
170
46
55
187
73
92
62
79
31
30
96
47
236
47
50
39
68
69
144
37
87
109
102
40
89
115
95
168
39
82
202
222
58
29
34
74
34
92
37
43
82
77
36
36
26
34
146
33
42
48
41
89
114
110
32
42
59
175
33
52
200
42
37
135
59
80
86
37
167
35
74
192
88
105
76
34
87
54
144
28
90
31
27
170
31
132
29
113
51
31
38
101
36
36
56
77
114
64
31
34
80
38
83
104
80
82
47
160
46
78
64
120
68
210
50
60
53
38
45
38
36
98
47
49
53
94
58
84
46
135
36
56
56
158
73
155
61
47
37
94
40
54
64
212
33
148
164
33
74
55
76
91
50
171
35
99
152
32
60
40
80
135
182
39
38
70
41
50
96
67
118
71
31
37
33
58
101
36
35
58
45
88
101
113
101
49
61
93
39
43
215
43
56
120
101
74
55
182
34
38
42
145
125
200
37
64
53
47
114
42
68
30
27
178
36
121
28
112
49
30
36
79
49
45
35
96
121
78
33
98
37
54
130
89
107
184
35
29
85
38
170
234
104
40
48
74
32
36
93
34
42
133
52
178
149
31
61
41
207
148
38
59
35
167
57
50
31
203
36
35
114
149
45
60
84
38
96
113
45
76
111
40
115
32
82
45
331
45
39
49
124
118
34
43
173
30
38
37
143
31
30
38
55
168
175
35
52
35
107
83
35
44
207
38
62
100
120
110
40
178
34
57
145
123
216
36
38
61
51
136
72
43
27
27
38
91
78
111
38
50
91
46
50
107
40
39
108
122
57
29
28
96
38
175
115
80
204
36
108
51
123
255
74
76
61
35
34
63
101
39
45
92
36
33
77
75
167
37
35
41
40
117
67
37
121
42
63
45
139
41
67
43
116
73
40
184
117
41
70
119
100
105
118
110
165
33
56
57
95
217
64
72
45
38
60
33
79
39
65
80
55
39
33
39
39
148
38
65
45
30
75
104
119
33
70
116
97
66
200
37
46
59
89
97
38
70
47
169
41
39
293
187
44
31
72
37
165
55
35
29
24
38
144
44
116
31
33
82
40
45
41
109
40
33
114
128
66
30
29
77
223
89
101
37
113
39
43
81
40
213
218
89
55
31
43
32
32
120
41
47
51
103
55
137
75
95
38
50
58
191
48
79
61
50
41
61
80
58
45
40
96
119
31
30
64
92
110
37
74
123
94
31
109
99
108
48
120
30
36
280
221
38
31
73
55
91
49
129
84
35
61
166
41
35
43
37
102
34
94
87
109
141
53
41
135
122
33
35
51
96
111
57
48
45
104
69
34
38
33
206
80
176
39
46
61
165
34
61
35
33
27
145
50
53
77
34
103
47
41
108
51
35
46
92
110
42
42
41
101
56
145
75
136
46
69
70
40
92
47
147
243
43
104
53
32
49
49
124
59
68
87
38
48
72
48
62
106
38
57
224
41
39
84
66
46
121
44
47
54
43
43
89
62
35
40
113
149
49
58
223
41
83
111
34
77
49
120
35
38
57
75
287
114
31
118
95
39
185
34
32
30
42
142
46
41
55
42
83
122
100
75
52
119
84
48
119
102
31
32
36
97
137
71
42
37
164
30
73
157
321
37
31
75
49
127
32
26
43
27
26
42
153
50
95
28
130
38
31
38
81
52
37
45
93
119
53
35
44
63
33
180
43
111
67
133
49
122
40
166
226
31
33
95
53
36
41
33
110
42
33
40
177
125
51
64
73
94
30
200
30
148
52
38
37
137
47
49
46
40
147
39
42
87
48
141
37
56
34
201
29
209
107
149
33
35
52
77
281
72
62
38
34
56
116
46
151
77
30
36
47
36
86
47
36
58
39
30
85
108
89
34
87
94
130
264
29
30
56
91
120
35
75
40
38
114
37
32
36
51
119
137
161
39
33
37
64
177
71
34
28
42
120
31
39
46
76
41
115
38
29
30
85
37
45
47
98
129
46
43
32
73
42
111
65
82
126
45
69
44
36
133
60
134
213
42
68
68
44
42
34
30
140
57
48
109
69
131
64
76
37
66
32
150
70
41
82
47
68
41
141
56
37
29
46
46
126
37
45
80
37
166
39
60
50
80
86
124
78
47
112
158
34
66
65
50
99
51
130
96
38
102
117
35
39
103
45
41
33
67
155
32
39
47
44
67
43
96
99
78
43
213
38
226
48
43
69
41
140
72
46
185
45
32
42
122
154
180
32
36
50
50
178
29
28
44
32
166
39
28
99
34
68
70
42
35
35
81
42
43
35
90
138
40
32
28
93
30
77
71
32
32
64
47
65
198
30
98
67
131
233
51
97
48
60
33
46
73
41
44
97
90
47
61
66
70
106
44
52
50
112
65
39
140
47
36
36
52
58
45
43
86
203
29
51
67
48
136
58
72
66
120
33
110
113
106
174
31
70
242
160
61
39
39
45
72
35
38
65
31
148
42
31
33
37
130
56
76
43
115
98
123
63
47
104
76
40
37
144
76
38
68
98
94
40
98
64
141
30
43
181
335
37
77
37
172
39
53
31
32
149
36
32
108
30
125
44
35
32
100
59
28
108
130
69
31
108
42
72
99
80
45
80
40
151
38
108
49
222
136
74
93
70
36
29
35
106
50
30
147
51
53
65
56
97
54
84
31
206
176
78
38
164
79
44
38
172
32
89
203
40
49
51
39
170
38
76
118
104
30
133
42
57
33
68
135
192
64
37
98
62
79
49
96
31
75
34
50
45
143
39
70
34
29
80
108
108
98
105
111
43
28
210
46
64
202
35
93
37
154
35
28
32
69
89
49
133
132
32
38
71
49
35
124
40
46
35
27
49
123
38
128
30
129
37
41
121
68
30
127
116
56
29
101
36
171
116
100
33
161
30
86
47
170
196
84
111
93
32
30
61
61
61
60
111
83
68
41
47
71
67
82
41
160
50
155
58
48
175
41
96
124
77
32
299
44
43
42
201
127
106
34
72
43
130
29
75
32
87
133
181
74
34
80
29
99
37
51
95
74
32
31
55
151
37
29
51
29
107
115
101
90
149
56
54
141
118
43
74
83
120
120
194
30
29
42
40
252
51
126
42
35
78
33
191
73
30
27
170
154
29
128
41
32
124
34
48
142
113
57
35
95
33
79
121
64
36
103
114
63
36
121
183
239
138
42
70
36
32
131
92
113
38
124
47
166
84
243
41
55
72
33
52
48
147
40
98
202
32
28
128
146
36
49
42
44
82
84
123
101
123
157
33
85
104
331
51
30
139
71
33
64
75
46
63
35
46
164
33
30
72
30
34
192
98
91
37
67
119
46
236
37
38
115
125
125
39
178
48
42
146
307
31
46
78
40
167
29
26
35
29
55
163
37
98
26
33
87
32
41
34
97
38
52
134
109
36
48
33
96
106
105
50
66
104
100
77
33
155
150
241
49
108
58
36
30
46
107
93
107
122
72
31
90
80
84
226
38
94
128
36
136
37
35
71
79
102
57
40
149
120
37
83
33
89
101
39
75
106
123
34
124
37
116
370
89
32
55
56
110
65
124
75
29
44
152
56
28
36
40
34
102
88
115
41
66
38
120
81
50
205
46
115
81
93
118
186
30
33
60
107
167
184
30
74
54
34
167
49
34
27
31
177
49
95
39
104
40
33
29
108
42
46
132
102
82
33
107
37
169
73
129
32
175
29
95
57
528
78
72
29
149
62
111
96
95
173
37
70
30
198
41
39
106
62
37
28
30
128
79
38
209
36
36
132
38
93
36
86
89
41
88
126
92
118
155
37
33
56
84
163
208
58
98
51
83
33
28
105
34
49
48
41
33
155
27
87
38
103
125
80
38
63
35
196
50
209
38
42
158
90
38
86
33
165
44
41
306
38
152
34
106
221
71
25
32
116
73
36
104
27
31
77
41
45
38
73
49
58
44
77
128
47
31
35
92
38
69
90
83
58
69
70
129
36
101
43
139
86
153
55
108
30
33
41
41
32
39
63
50
41
100
68
73
62
47
51
109
58
34
35
171
46
164
54
49
38
82
43
51
59
71
114
39
33
146
152
35
82
120
96
107
127
32
71
47
127
36
64
52
176
275
38
89
32
48
64
36
106
37
49
39
36
54
143
38
32
42
42
96
128
112
64
44
156
49
67
206
38
47
32
85
129
108
56
125
37
35
41
266
79
162
43
74
218
30
43
30
29
176
41
116
35
95
39
33
34
40
68
74
42
105
108
40
39
27
31
75
32
96
82
117
96
54
117
40
126
39
130
39
217
48
96
31
59
46
43
102
49
42
81
51
42
36
103
59
121
44
64
48
176
44
115
63
44
28
141
42
35
37
66
126
52
41
113
176
33
35
59
105
101
32
99
99
93
30
31
127
38
76
60
168
107
38
35
51
49
129
99
37
146
46
41
34
29
36
53
88
56
30
42
44
61
152
101
107
37
182
39
242
33
39
53
52
68
73
125
33
148
32
28
55
159
323
47
74
35
140
57
64
33
34
160
29
41
99
34
29
95
32
45
37
121
38
62
82
96
54
36
31
109
199
37
61
38
82
178
29
118
46
83
262
42
44
105
38
77
48
45
71
44
37
42
94
48
43
107
64
117
60
42
30
156
52
140
36
76
29
147
38
56
41
204
30
36
63
79
105
34
109
90
113
34
111
92
115
41
123
29
91
55
350
88
36
83
45
85
31
28
107
66
35
38
70
134
44
49
43
46
189
49
71
42
43
145
83
37
38
207
44
51
114
107
60
55
214
34
39
467
37
29
38
56
197
37
46
40
33
189
34
116
42
72
40
40
36
121
31
45
35
106
137
37
30
28
78
34
33
168
70
33
88
148
48
39
96
68
122
253
59
107
58
34
30
46
99
49
45
113
61
51
71
54
140
53
52
35
166
64
127
35
60
50
131
29
48
57
137
73
34
35
97
152
37
45
43
76
47
102
123
106
93
36
137
43
50
33
105
296
55
34
119
41
59
39
47
129
70
29
41
46
160
38
54
43
94
41
80
101
57
58
119
104
42
52
177
38
268
44
89
64
55
91
29
28
68
144
110
193
34
36
65
43
60
71
39
55
40
32
192
49
95
31
115
36
35
44
94
53
40
33
96
130
58
31
33
66
166
60
52
40
90
139
61
43
91
60
148
253
36
104
62
47
30
32
124
59
161
62
102
43
38
109
31
63
224
41
111
37
69
31
26
148
38
61
209
44
57
83
44
41
80
46
81
92
112
36
196
64
51
50
117
29
34
59
129
93
171
32
63
132
111
28
39
95
75
44
32
40
160
31
36
67
27
29
195
74
36
112
205
62
107
121
40
49
89
129
46
79
51
143
35
61
153
99
125
110
35
52
55
46
135
33
69
30
28
187
133
31
40
100
41
37
117
63
32
236
60
31
33
89
210
90
115
158
34
50
75
39
77
104
176
59
119
56
48
41
49
105
42
50
141
37
136
184
77
52
209
46
90
68
54
29
30
118
119
130
81
48
44
101
147
39
85
125
88
41
87
109
36
85
172
32
48
44
206
129
47
86
37
78
131
50
142
42
44
33
58
148
37
42
83
99
146
72
35
30
45
141
83
49
63
144
41
55
98
52
86
107
42
145
62
38
68
144
114
178
35
53
63
43
113
43
66
35
26
31
162
35
112
39
129
37
27
31
78
43
30
40
116
123
58
31
29
76
35
84
105
88
107
34
127
37
36
95
173
35
229
45
107
29
31
51
38
135
80
147
61
83
47
38
130
55
55
222
59
106
31
42
37
33
156
57
52
28
50
136
29
37
97
42
126
37
39
67
80
111
32
99
93
109
39
127
34
65
34
94
268
62
41
38
123
89
40
55
133
44
32
47
36
41
89
42
33
62
41
38
53
109
106
82
57
122
61
38
248
33
53
235
28
88
204
31
35
56
266
208
33
70
39
156
39
47
48
34
157
43
28
31
77
35
97
54
45
109
37
52
29
106
116
39
36
39
98
93
113
42
70
61
49
87
96
86
53
180
223
41
29
102
33
28
54
36
51
89
47
155
36
34
39
78
35
154
41
64
30
192
36
139
44
50
36
118
51
53
49
35
172
39
38
49
77
129
35
32
56
33
104
86
117
97
30
90
41
135
40
49
121
254
85
63
125
104
41
42
111
52
33
35
35
48
140
40
41
54
102
130
73
55
58
58
161
37
260
50
48
115
38
70
37
68
221
38
36
174
226
113
30
112
32
136
46
58
34
39
96
82
45
83
29
34
81
47
31
32
73
38
57
33
114
137
63
28
42
56
50
106
61
49
47
109
193
52
76
72
115
35
211
37
122
32
60
41
29
116
44
69
122
38
42
69
32
79
100
48
59
194
44
156
75
28
29
30
71
46
50
74
44
150
37
54
77
48
134
48
64
36
75
105
128
108
95
65
122
38
50
32
114
87
191
49
37
36
66
87
49
41
30
139
65
36
48
44
139
32
29
44
38
210
118
71
143
91
47
236
42
33
50
73
54
84
132
87
97
36
32
40
136
126
223
36
34
49
47
165
87
25
30
197
37
95
31
97
64
34
41
85
57
38
36
79
123
67
30
39
77
92
100
32
82
88
36
130
46
34
98
79
87
279
39
98
54
66
34
37
90
36
72
124
61
105
53
143
39
50
32
53
152
61
99
42
47
29
44
104
50
51
53
44
142
32
52
49
31
39
127
35
36
73
112
97
45
94
83
137
151
30
33
53
194
203
76
36
70
50
122
32
42
159
40
30
71
149
43
92
76
133
38
57
44
52
56
105
93
40
101
43
96
49
39
101
119
61
65
201
55
38
42
126
171
131
47
47
50
30
166
34
39
43
37
40
170
122
31
136
38
30
119
62
42
111
135
52
33
56
50
39
92
90
53
33
100
175
38
136
201
227
149
57
33
42
34
132
41
41
111
44
46
109
60
48
65
53
55
28
210
41
118
66
31
31
31
138
49
72
52
157
32
121
57
100
36
51
66
112
79
29
117
97
108
54
115
35
47
37
405
81
37
75
113
42
153
72
29
30
28
33
172
30
37
55
31
33
168
109
96
37
147
46
36
67
91
82
49
166
88
34
85
33
192
39
46
211
76
192
40
50
62
234
54
29
26
169
31
121
28
74
59
46
28
29
96
66
31
124
117
60
34
84
41
178
105
116
107
95
114
54
153
254
134
33
43
41
35
46
80
71
71
85
33
53
103
94
97
48
41
217
38
136
36
41
34
29
137
41
35
76
170
42
33
52
89
150
31
38
36
87
41
96
30
94
114
105
43
121
32
43
43
369
74
52
34
91
137
33
45
78
81
58
35
54
35
49
60
36
44
31
55
68
201
31
84
28
179
51
133
105
29
30
56
97
99
39
94
31
157
34
28
33
152
346
34
29
67
35
168
48
56
27
25
177
37
102
38
96
65
48
117
76
35
98
121
69
30
95
35
230
158
41
76
94
120
42
176
188
178
33
26
58
35
163
35
190
72
157
48
59
31
47
43
221
36
137
78
45
153
127
192
30
30
173
121
33
71
68
128
41
119
98
122
156
37
56
348
61
109
43
75
40
108
40
160
42
32
52
202
44
65
42
76
125
117
87
143
92
66
82
116
39
37
148
107
102
46
166
43
55
179
288
39
33
79
154
41
27
63
37
31
84
95
34
97
28
39
77
58
30
119
78
37
112
138
46
29
29
82
76
143
32
63
102
198
33
145
166
233
34
102
89
40
36
31
96
74
128
38
52
123
66
101
57
58
219
177
78
43
128
34
75
60
190
34
31
118
162
49
37
45
195
41
194
124
160
35
68
107
133
156
103
25
110
124
32
48
96
76
39
69
142
39
45
60
42
189
100
43
217
85
257
38
170
129
100
124
95
27
76
173
318
35
78
45
175
28
40
28
29
213
92
45
26
100
46
32
33
114
41
38
56
73
124
68
37
88
29
83
105
100
107
182
50
149
36
96
41
170
44
30
118
30
76
38
50
97
38
67
124
72
61
53
95
87
60
37
34
130
44
38
82
67
30
39
40
114
54
31
88
48
112
37
36
42
98
36
128
40
42
40
208
32
86
31
78
39
89
157
30
31
47
236
182
59
39
44
49
53
90
36
31
92
91
28
34
43
159
38
42
52
39
45
74
88
112
74
29
142
54
40
236
36
63
120
101
46
275
39
67
287
60
130
26
29
48
53
167
26
53
43
28
35
181
41
96
25
133
40
41
109
61
41
114
118
42
42
29
103
191
37
98
68
37
160
32
165
423
33
89
45
70
33
33
106
55
42
327
78
73
109
227
168
88
31
57
103
30
44
54
38
177
33
42
110
138
39
68
42
99
95
126
111
114
43
118
28
73
493
29
101
35
73
47
30
115
86
26
25
27
35
162
35
38
31
45
59
48
106
110
108
209
38
231
33
80
119
93
135
182
25
34
36
332
180
32
83
40
135
59
71
25
34
170
42
110
29
124
32
30
134
45
44
126
147
40
48
93
34
179
94
106
52
144
49
59
91
123
266
128
44
74
38
42
95
81
121
51
129
56
138
54
58
225
44
125
49
45
29
178
67
51
205
32
49
157
84
37
33
50
71
150
124
110
113
173
73
40
367
127
57
58
46
56
55
42
99
85
31
38
87
125
29
30
76
72
49
93
108
264
46
48
148
87
37
43
151
95
40
75
73
139
30
29
42
189
225
87
38
70
57
150
63
38
29
55
141
30
121
43
103
47
34
27
108
36
45
133
36
109
40
28
94
31
189
37
70
104
200
43
102
159
230
45
44
106
64
38
27
28
106
46
61
143
45
89
61
40
94
32
72
42
146
45
39
145
65
38
99
41
46
33
67
208
59
149
133
30
42
67
60
52
85
38
198
31
72
169
30
31
46
233
167
92
30
33
86
45
62
48
39
170
28
29
32
139
46
29
26
28
67
201
112
30
95
145
78
37
117
106
34
46
135
91
33
91
212
37
69
308
141
30
33
108
171
47
55
29
26
31
176
38
92
37
116
35
35
48
104
36
36
51
67
51
130
31
29
69
29
192
32
67
113
32
85
71
42
90
43
355
57
33
119
40
47
43
29
156
52
155
68
48
49
179
41
60
186
48
49
118
63
41
39
123
46
65
47
40
146
45
66
68
67
94
32
90
34
161
28
95
127
99
63
98
30
71
35
401
61
33
83
43
61
43
41
38
111
51
29
28
49
165
34
36
47
44
98
119
92
31
35
62
117
73
65
227
31
34
61
84
42
77
47
62
36
56
110
30
30
51
121
110
97
150
41
95
40
142
48
59
34
41
167
140
29
151
33
30
75
51
47
38
127
127
52
30
105
41
187
60
118
29
172
41
188
87
52
204
40
110
55
58
47
35
120
248
71
59
38
147
28
54
44
128
63
47
140
50
45
30
156
83
43
196
38
39
130
124
49
47
54
96
87
39
87
114
39
74
33
137
26
45
40
114
110
141
79
62
113
90
54
48
178
34
55
39
34
84
41
38
46
50
114
109
111
82
32
110
102
79
186
33
43
115
47
66
32
96
38
63
115
51
50
139
60
66
203
38
42
65
38
128
63
45
27
28
196
33
115
26
129
37
37
40
82
76
42
107
109
54
38
45
82
29
163
99
119
192
50
72
43
155
240
45
133
59
35
39
27
116
45
66
114
34
49
62
54
65
101
78
46
182
39
129
88
31
202
40
56
225
47
84
65
128
38
83
52
47
116
36
183
103
182
37
36
35
74
64
115
99
55
81
47
86
42
91
37
67
71
69
43
37
39
33
120
40
35
46
37
118
94
33
73
116
159
43
38
244
47
63
62
56
88
35
78
208
31
29
493
41
35
34
60
64
205
29
26
53
125
31
40
94
31
106
43
35
27
123
70
27
29
98
122
56
32
85
40
53
149
41
42
99
142
72
125
174
266
147
95
28
28
129
46
46
213
112
32
30
107
45
63
32
201
47
139
62
29
105
72
45
73
200
28
50
113
155
43
74
213
28
116
87
125
158
30
70
42
381
46
39
35
96
59
76
39
149
51
34
37
38
137
38
38
52
36
42
74
101
112
51
61
132
92
57
86
122
47
49
54
66
107
103
56
157
34
71
160
128
184
34
31
45
42
179
29
25
27
56
27
173
36
115
26
38
89
32
34
34
90
35
40
40
102
138
44
27
49
69
98
118
78
122
108
85
47
86
90
112
242
82
75
91
30
29
133
39
38
73
63
65
124
62
49
61
53
63
242
35
121
85
34
131
46
76
40
183
35
35
105
171
35
34
67
43
56
98
42
83
93
28
96
177
30
43
62
85
151
106
75
36
34
41
50
34
80
39
33
111
64
30
31
37
41
140
45
33
54
36
85
221
38
66
44
103
60
42
250
33
83
34
60
113
49
83
52
141
38
46
333
165
32
35
68
50
235
25
26
29
161
36
94
30
25
114
50
31
127
81
141
107
77
25
43
66
200
85
39
113
176
46
58
102
120
79
173
33
99
49
60
45
51
65
52
45
182
53
91
71
108
57
42
54
183
33
149
73
28
122
43
28
66
54
97
95
36
296
36
80
221
38
79
114
110
161
34
81
44
229
147
74
31
47
41
32
63
58
55
72
46
53
53
51
136
56
34
73
36
77
242
51
47
30
100
57
56
243
32
42
32
96
127
33
70
32
174
29
33
36
35
116
135
203
33
39
36
42
94
80
90
36
30
189
32
116
28
30
127
30
33
102
60
45
114
126
54
33
39
71
29
95
87
95
108
208
31
93
46
135
36
224
33
121
43
39
42
43
123
66
135
73
116
37
43
96
40
47
36
167
50
101
62
57
43
43
153
46
35
44
159
42
37
47
101
59
93
34
59
40
64
121
128
109
114
31
117
32
28
52
56
59
285
38
94
112
54
53
37
37
126
72
36
63
172
37
51
42
100
121
93
36
75
141
89
41
226
39
36
37
103
119
32
79
87
116
35
41
40
212
241
42
46
72
194
37
46
34
29
192
131
25
32
87
49
36
29
108
57
35
118
126
62
43
92
36
193
59
68
70
42
117
43
39
91
87
94
256
137
48
54
36
33
133
40
225
82
43
187
42
60
172
67
37
108
40
50
33
107
90
74
33
188
46
35
75
64
101
37
33
72
212
30
94
33
81
105
34
144
64
37
37
73
116
269
27
71
39
83
54
35
110
95
48
39
53
93
36
31
79
35
40
67
95
118
34
58
145
64
67
235
37
73
70
50
76
39
79
68
37
96
43
42
50
137
156
159
43
42
88
166
33
37
33
29
30
171
31
103
36
32
100
37
50
104
40
34
31
110
45
74
68
29
25
80
34
170
45
56
121
90
95
37
79
60
162
239
43
103
52
49
37
29
72
39
45
81
95
53
32
80
89
105
46
31
27
48
213
136
45
38
40
42
97
44
60
44
51
162
31
39
67
42
138
31
35
68
40
52
52
66
31
118
84
116
46
112
40
36
30
128
243
51
66
34
58
70
39
54
48
165
65
31
39
43
145
38
36
34
42
100
112
33
57
50
92
171
41
45
100
129
31
46
134
51
44
32
85
50
61
98
40
40
41
140
49
61
199
34
33
86
39
224
33
26
30
144
36
39
104
36
63
64
31
25
26
99
61
30
115
27
99
62
34
31
76
43
176
91
116
31
158
47
90
415
60
106
53
35
29
26
31
126
27
60
160
42
48
70
174
33
48
35
137
82
65
91
79
37
64
96
40
89
149
57
31
36
42
54
58
87
45
35
101
80
104
44
77
168
60
35
75
56
35
29
56
87
314
87
40
78
39
49
42
38
157
45
30
27
30
184
36
43
41
37
91
122
103
36
39
61
121
53
38
176
71
45
68
110
42
66
110
37
170
32
41
204
123
166
34
32
91
49
108
40
30
64
27
25
180
37
117
30
32
98
39
29
122
52
31
31
101
124
47
28
28
86
28
180
34
37
46
94
52
132
40
88
147
80
86
151
45
97
37
71
32
40
121
51
77
79
42
41
76
31
121
47
34
53
39
193
55
106
47
58
38
122
43
61
67
47
71
74
46
36
128
136
50
70
53
33
119
228
54
60
55
129
36
48
39
93
106
214
46
34
98
31
83
56
29
121
57
34
34
186
32
35
28
40
41
208
41
62
41
86
180
42
38
202
35
28
67
106
100
122
205
39
56
186
103
55
116
39
57
80
41
128
33
31
33
33
30
49
123
37
39
86
34
143
35
30
107
78
27
113
129
48
34
110
50
159
105
120
180
37
141
146
265
52
91
80
31
31
31
122
222
33
139
180
37
53
246
39
122
36
55
38
106
79
97
200
36
31
64
56
139
74
64
121
85
38
199
110
40
129
35
76
406
28
57
33
93
33
94
233
37
34
28
57
141
37
73
36
201
110
34
80
184
59
28
223
32
73
217
28
81
39
40
140
35
31
181
141
213
61
58
157
30
32
56
35
29
173
28
26
105
32
92
46
31
36
40
90
41
30
32
95
132
44
32
37
80
36
71
104
51
51
98
28
36
123
37
32
88
35
129
107
124
36
133
42
64
42
29
40
62
61
32
136
71
37
81
63
117
47
58
40
174
30
62
80
37
49
33
149
41
46
60
40
149
41
41
65
48
135
36
32
62
151
70
30
100
130
78
35
139
28
35
44
66
339
43
51
36
27
44
54
73
37
32
110
86
38
32
47
153
35
37
44
27
35
78
115
95
55
71
90
98
48
214
46
27
69
87
36
78
34
95
49
154
40
63
126
124
55
165
38
55
63
143
74
65
27
24
28
147
45
101
39
32
92
34
48
100
65
37
121
145
44
26
35
78
36
83
85
72
47
99
195
48
81
76
358
37
35
97
52
39
40
46
118
34
72
95
45
138
46
125
36
59
266
34
116
58
43
35
141
134
188
44
41
84
169
53
35
145
100
37
121
79
119
173
44
72
56
357
71
33
97
133
44
81
115
30
32
31
40
141
37
35
49
38
188
123
100
34
167
53
228
33
52
43
100
103
47
88
32
44
138
31
34
181
283
41
32
69
37
180
67
36
32
212
34
109
36
92
43
39
40
97
60
27
28
108
39
91
58
24
44
53
37
95
88
99
64
56
181
38
85
62
140
272
118
34
54
46
35
118
56
30
141
57
38
75
38
137
37
70
29
204
34
173
39
35
28
136
42
54
50
207
31
35
83
48
150
28
34
66
57
46
84
142
95
109
35
122
33
36
49
62
61
299
29
62
34
91
60
42
39
46
118
76
30
70
148
36
36
54
36
44
143
45
81
113
107
106
61
44
168
40
63
98
128
103
29
44
139
29
42
184
45
292
40
77
34
146
28
34
56
34
33
139
52
35
79
29
41
106
39
29
111
32
38
32
122
114
60
30
25
100
48
106
52
77
58
67
55
131
27
90
72
130
275
39
84
31
67
32
36
81
46
75
53
105
155
74
102
47
76
41
189
34
138
75
37
37
135
48
67
30
41
149
31
50
105
42
106
42
88
130
75
121
110
116
60
97
25
28
51
47
58
33
94
190
71
39
105
112
33
140
61
48
29
28
175
41
47
55
53
69
105
111
113
55
82
59
41
67
104
77
41
70
220
39
66
218
36
33
29
145
328
29
105
34
160
48
59
29
27
174
29
39
90
32
43
95
40
32
102
45
50
121
136
56
33
34
64
37
77
104
41
49
102
39
157
42
109
89
67
280
50
91
68
44
43
42
80
38
47
42
125
55
101
48
136
92
32
200
45
128
69
37
118
67
30
96
71
153
31
58
67
172
53
76
82
38
66
246
96
63
115
32
68
429
73
157
91
35
32
114
78
35
37
67
126
28
26
67
37
98
110
35
87
102
188
44
44
219
47
38
129
28
92
97
107
106
31
32
65
235
57
157
32
79
53
