0.629646554598	0.65361721429
 -0.733408045913	0.649388514093
 -0.845977177011	0.475443473148
 0.35650608635	0.902304604531
 0.494913237388	0.960566917146
 -1.00076783268	0.367552204177
 0.61548660252	0.867249338625
 0.784033122833	0.571474667796
 1.01899999976	0.18454851678
 0.767165229841	0.764852557307
 -1.05467567794	0.18832092132
 0.592710211813	0.713984535297
 0.925725980744	0.208473341976
 -1.00450611052	0.406910928031
 0.991519096885	0.306511866753
 0.596833628237	0.77049933454
 -0.933197783233	0.149843370263
 -0.80631164673	0.452587895212
 -0.106510761659	1.05224293789
 0.952830106932	0.332338830592
 0.0769216999045	1.04993077684
 1.08316508387	0.111193397241
 0.999604516065	0.23589628771
 0.828027527065	0.644729315928
 -0.144042498619	1.02965332694
 0.797498510079	0.58978398986
 0.975319313538	0.212613291603
 -0.818644887739	0.440652177845
 -1.02707115111	0.302634067806
 0.962665112965	0.0585273414445
 0.0530549461261	1.08407618847
 -0.0759083637429	0.969694698057
 0.878125798604	0.355798438972
 -0.552643011842	0.910887310388
 0.727919507576	0.59634330469
 0.693342207589	0.803706349133
 0.212710405532	1.03340793718
 -0.561846732625	0.787551436354
 0.218899045859	0.921103290554
 -0.854404629778	0.406019990915
 -0.262242259664	1.06525911961
 0.870364410172	0.376473973597
 0.931931726944	0.158667533656
 -0.346704966528	0.984253507244
 -0.810796606759	0.39662515825
 -0.929851770601	0.396227450517
 -0.272464278875	0.866543262999
 0.231962746166	0.939650274304
 1.04351720179	0.0270247295558
 1.04583204867	0.114318507886
 -1.04520459224	0.274828574479
 0.807712212166	0.413038946399
 1.04165967199	0.0723382783193
 0.827119322863	0.616277807985
 0.372046789963	0.855266633121
 0.813788781191	0.396421602025
 0.0074217125454	0.996070695797
 0.695418383348	0.839257008249
 -0.382527864969	0.981393739737
 -0.767301733852	0.663213589604
 0.948737530028	0.491122709535
 -0.922358316562	0.546287405184
 0.0993507000709	1.05318056691
 -0.770381193741	0.632026665018
 -0.979155661659	0.31753831844
 0.779249884743	0.606679033366
 -0.0912506227777	0.91352593459
 -0.851912807542	0.335982488567
 0.136434377164	0.993562594198
 -0.426098282058	1.00981956377
 0.577301282353	0.698455095301
 0.695008101525	0.850903772679
 -0.185431030812	0.977392967596
 -0.809649782593	0.608578465963
 -0.864660245651	0.352057903362
 0.342131237255	0.992355471638
 0.44217995213	0.824822267949
 -0.734403398576	0.770906627662
 -0.793547594991	0.527444190157
 -1.04403106875	0.307584309285
 -0.432290050465	0.804628107291
 -0.795375992238	0.726106788304
 0.263918791556	1.05901554749
 0.734746430381	0.619458083115
 -0.641449044232	0.812447660675
 0.559324164992	0.719473362705
 0.458965621923	0.940665399783
 -1.02125783407	0.246587874918
 0.509204612067	0.861980411137
 0.858132947417	0.536706207297
 -0.527912542975	0.794157553008
 1.02349845193	0.035143350183
 -0.416801008012	0.833948286818
 -0.75686391881	0.702043670641
 -0.555513493495	0.926843029175
 -0.887761308859	0.339024273929
 0.976764883	0.206134928465
 -0.896512964186	0.244395454754
 -0.882975808125	0.341090024775
 -0.780093024848	0.729272844077
 -0.210225333275	1.01871996067
 -0.916792573402	0.480394760215
 -0.962381517532	0.238673713227
 -0.272244882272	0.966420659334
 0.123779828869	1.0194044877
 0.126807320063	1.05356749741
 -0.826860243788	0.548108981512
 -1.03332711973	0.0610727570325
 0.693199229034	0.851337641413
 -0.867507427574	0.66543816885
 0.980896014506	0.18438495603
 -0.113543008383	0.97709108977
 0.744503332965	0.732812826203
 0.553250807159	0.829231965528
 0.696239592284	0.622897463233
 -0.542405600586	0.842848358741
 -0.0259805184156	1.01072177835
 0.935727658716	0.180700957609
 0.726439191489	0.568945418359
 0.910624966502	0.232985757758
 -0.940966935006	0.40112457927
 -0.916102893682	0.126478232408
 -0.0423533063224	1.00617709737
 0.743666002781	0.802369065873
 -1.00470366552	0.387716001521
 -0.793272642112	0.535466787719
 -0.954715668038	0.473400256963
 -0.937220144839	0.362434809167
 -0.85506393769	0.491230478798
 0.998447790618	0.125212999839
 0.78819484507	0.681754469467
 -0.690242633403	0.631323840551
 -0.0059630156464	1.0989284517
 0.503756513045	0.935926228139
 0.209315243159	0.936628513961
 -0.461372942418	0.822156266273
 -1.03038179015	0.247648979148
 1.02793035296	0.335609880729
 -0.692936085262	0.793779620796
 -0.691017425263	0.658736709914
 -0.720660997742	0.773849388066
 -0.487167931776	0.951501920469
 0.991213081792	0.440227163688
 -0.966701501682	0.384825988975
 0.812113558016	0.537708634327
 -0.2895206358	0.922166840213
 0.0476248386014	0.908099252486
 -0.855993214157	0.547134353283
 0.897096770964	0.21427257809
 0.635191903148	0.792858719954
 -1.07186552648	0.0120172455854
 -0.909376201364	0.366142384846
 -0.429385885324	0.959275949105
 1.05419162644	0.0766093691508
 0.664988295008	0.700712719442
 -1.03733635052	0.251774711678
 0.408607735945	0.99618140104
 0.0819678714548	0.999736563224
 0.625906733392	0.825202731032
 0.746130959653	0.556292978657
 0.437860199486	0.924733789173
 -1.05235345728	0.097828342247
 0.272314642798	0.984155350053
 0.920177908014	0.579848251847
 -0.609147947178	0.834570677
 0.899848180893	0.258848111046
 1.01107847477	0.0672030822075
 -0.900237072377	0.489135587118
 0.705099359705	0.575232512123
 0.905261055252	0.295583730462
 0.0721196812204	1.01130610007
 -0.824281838078	0.549531439698
 0.984047694906	0.129245012311
 -0.985732168774	0.226904074508
 1.06324645567	0.140781411193
 0.00687372292718	1.08931644667
 0.783681398011	0.63151744247
 0.929267781329	0.5058113443
 -0.462913047612	0.928838845959
 0.83886269111	0.642112411225
 -1.00632963243	0.0287481774459
 -0.500430852831	0.812885456069
 0.206610791439	0.979565680828
 0.735789188205	0.523833279332
 0.629634772124	0.859504749311
 -0.734523847821	0.758833601328
 -0.242757856532	1.02805087317
 -1.0284671672	0.0812702722106
 0.414592112364	0.925059983122
 -1.02807452275	0.0770693999682
 -0.549199006498	0.783676600857
 0.820837829089	0.431399651789
 -0.966149839515	0.272381201401
 0.442498000747	0.793378403856
 -0.607079323619	0.746616046873
 -1.08056210962	0.0901368496229
 -0.492804287522	0.907679701821
 0.426658111739	0.988912034407
 -0.525836517985	0.846438668502
 -0.750486993497	0.605741228448
 -0.881990658811	0.268431012112
 -0.926379008992	0.167884684493
 0.851137877384	0.307515650578
 -1.00435759449	0.11370181585
 1.05032453225	0.247539470489
 -0.551169527818	0.762043560993
 -0.646247823329	0.785310802117
 1.02804846722	0.316892472537
 1.02883212526	0.064410396075
 0.774192882785	0.714729952324
 -0.960338420391	0.282405454265
 0.207726172031	0.877939599658
 0.377487936103	0.998590263745
 -0.994633399275	0.114255232689
 0.470006167392	0.840700147226
 -0.964824082663	0.166471724398
 -0.930873900324	0.275451645875
 -0.663595006171	0.768127636298
 0.283394594072	0.880749368886
 1.07564239528	0.0305853706415
 0.630609147264	0.698620686828
 0.012479520362	1.00678809352
 -0.595794739492	0.881045723026
 -0.487557669296	0.873733206183
 -0.483103254781	0.966745270685
 -0.166797381404	0.896964379594
 -0.943083750459	0.556846164614
 1.02885338265	0.387724508795
 -0.905299029661	0.490557833755
 -0.984218474904	0.056788721527
 0.346763920385	1.00034078863
 0.971515824294	0.186916278875
 -0.779841489519	0.671508495472
 0.695066090818	0.623896236771
 -0.4401664916	0.806694939473
 -0.927068525657	0.278363238002
 0.0141313356647	0.910895634335
 -0.176263642456	0.907094675587
 0.169880667161	0.921883800812
 -0.827424276261	0.556377177938
 -0.902637535455	0.382801520826
 -0.916790688799	0.0362973858938
 1.04726276343	0.117892176718
 0.992073274379	0.0584415945639
 0.201107248563	1.00556132081
 -0.945158968743	0.312781000786
 0.520894057297	0.867117851241
 0.438189534481	0.947703003524
 0.357095060089	0.979705336159
 0.742793815773	0.55912803089
 0.689691383051	0.825308488339
 0.0146659869399	0.97855637106
 0.292644455767	1.05494683122
 1.07181776278	0.106077338672
 0.561711992726	0.818055143758
 -0.634981175351	0.835678276379
 -1.0950358073	0.0296207128781
 -0.578575437106	0.841227412882
 0.695055592577	0.605443317767
 -0.510266536409	0.888218974628
 0.148100874447	1.0724606052
 1.0169947827	0.0271756120318
 -0.214573349065	0.97333697197
 0.189802564281	0.923479543639
 0.748099982297	0.723355923195
 -0.00921107912137	1.08273500434
 -0.649417026714	0.624599993825
 -0.302936592079	0.889513707583
 0.0879788654369	0.985620894138
 -0.811956639124	0.49146695072
 -0.150381063144	0.951153074866
 0.00964814368062	1.08299880837
 0.569709991815	0.826626566929
 0.600290280765	0.857682805871
 1.04936248084	0.165822886069
 0.931657077176	0.160045696039
 1.04986459384	0.0966977130318
 0.0641795260836	0.916650762606
 -0.797574913185	0.605322209934
 -0.941566868209	0.313027512196
 -0.907268125774	0.373916161086
 0.850319924784	0.322866597009
 0.679397864139	0.780383472436
 -0.446447484592	0.809211936614
 0.991205521812	0.184176345284
 -0.700177009522	0.683538388687
 -0.600063929275	0.747075290714
 0.792157908573	0.614288428354
 0.0523852979823	1.00939225397
 0.140161755636	0.896734080166
 0.496879375169	0.952794760411
 0.683787371573	0.600686155658
 1.03137640192	0.154826526492
 -0.167450775021	0.96419952649
 1.08027684037	0.111018140773
 -0.951135503704	0.0545230896565
 -0.932552333361	0.313168952698
 0.822331308749	0.683154290591
 -0.834137192645	0.581328862086
 0.243264164864	1.07275655857
 -0.874273906982	0.345254629305
 0.95142122342	0.164839339329
 -1.03120969895	0.348674425601
 -0.659912260095	0.64723733854
 0.658834682525	0.793676585108
 -0.328112274484	1.01524603597
 -0.426080556122	0.866715060045
 -0.899229081799	0.133442321024
 0.132251030382	0.966675082145
 -0.488714377666	0.851333539424
 0.968939557928	0.437583020333
 -0.998446121217	0.119027378812
 0.712450336721	0.645971649476
 0.964633596458	0.444384843709
 0.827270034945	0.601358228955
 -0.778910816753	0.666034788373
 0.86051697484	0.653926564112
 0.104428565586	1.06083109166
 -1.02232557022	0.184384117044
 0.839666468468	0.370341517869
 1.02813849371	0.259937552206
 0.124354001618	1.02014462635
 0.823539938362	0.463547262006
 -0.495698635496	0.763154903648
 0.159337799947	1.06220270314
 -0.486622966704	0.93671003745
 0.910882161316	0.242145575934
 0.0906589669016	0.915731561161
 -0.0928492465667	0.982346238403
 -0.669801418719	0.790744960888
 0.975058510069	0.287580525985
 0.260911766296	0.954713593892
 0.370908382389	0.924107874556
 0.0219003981338	0.915517599555
 0.915925783284	0.332712493299
 -0.0406406096075	1.05999806202
 0.982571618787	0.451129354896
 0.980186424455	0.063708297192
 -0.33648668762	1.03858477383
 -0.793077104096	0.537986391445
 0.748088066931	0.768014608775
 -0.249908926699	0.884403769816
 0.864627053659	0.65351553498
 -0.910036483925	0.17806683061
 -0.665239931947	0.677082456793
 0.596090168609	0.81629375469
 0.867301676761	0.310160355456
 0.488363724613	0.95940939267
 -0.179452154077	0.995773586962
 0.593439681209	0.90950501037
 -0.838777983533	0.373150429747
 0.81284061957	0.671964628761
 -1.06112064142	0.222282096764
 0.60031705122	0.821364844654
 0.595296001263	0.67779198126
 1.0070453277	0.187030556622
 -0.323417650028	0.955517672163
 0.635464003883	0.762671557953
 0.0704761088424	0.998219825028
 0.356043925497	0.993084702865
 -0.768797755916	0.688536132358
 0.888036501992	0.294835353328
 -0.259899242512	1.02403933944
 -0.571528419854	0.831302231904
 0.172574893896	0.909751590994
 -1.03239713729	0.00481397260808
 -0.0189184635835	1.00097897987
 -0.427589861773	0.930142447454
 0.128039400884	1.07868122272
 -0.924292852514	0.340869658897
 -0.838542660416	0.615881956004
 -0.940637415627	0.523679914396
 0.572806834841	0.904060539764
 0.671297004458	0.754431595292
 0.872918636454	0.287492058746
 0.622054801207	0.687185627195
 -0.59521305604	0.875686152851
 -1.03041741986	0.267543708409
 0.805260674803	0.657473760629
 -0.85249516112	0.409926531572
 0.341750421214	0.861406384578
 0.362203497501	0.992478708274
 0.952305515199	0.366146726056
 -0.293619726464	0.902290884181
 0.0390640802736	0.948957585156
 0.670952422008	0.773553110431
 -0.0490105857376	0.950116291531
 0.917962781276	0.425290139984
 -0.471171607417	0.82016515632
 0.228130960632	0.98407611862
 0.939231147819	0.458503088515
 -0.344627468407	1.00282478439
 -0.0141020130272	0.902921265602
 0.646626829307	0.629655450589
 0.918225175668	0.454243966671
 -1.08607880164	0.044493610309
 -0.168610599344	0.950024495073
 -0.295310339422	1.02129628896
 0.626750155401	0.750205770633
 -1.08064553068	0.153338338789
 1.08485274547	0.00225955182392
 -0.95297431249	0.356281233687
 0.486116159581	0.922422639267
 0.491343243168	0.8053681927
 -0.410947584865	0.892482515566
 -0.379097890928	0.953427469093
 -0.525769894867	0.775530304558
 0.960612258479	0.347369451749
 -1.00541775334	0.0271077211226
 0.476700423949	0.92898831468
 -0.76600324466	0.669801749167
 -0.990429164711	0.364195009959
 -0.625827409316	0.781989403068
 -0.523089871159	0.822075652558
 -0.537614461879	0.784115071549
 0.424581257842	0.922674570016
 1.08831169818	0.125777770246
 0.925463828698	0.00558457480813
 0.986031245767	0.200426370513
 0.28490104396	0.924639528301
 -0.118067491741	1.08250769003
 -0.271880409406	1.01356635612
 0.904558449849	0.498490808232
 -0.908644719358	0.416602828707
 1.07854182998	0.0257373894312
 -0.794976131565	0.726283878608
 -1.04850424863	0.0441526466649
 0.254885867711	0.995663996925
 -0.820587169245	0.447612059922
 0.333490814222	0.967401813444
 0.10828544993	0.956952466993
 -1.01421366738	0.198765483719
 -0.00225647900355	0.975316914664
 -0.935428355624	0.446700967666
 -0.581696823674	0.906448466807
 0.979363698782	0.442016186165
 -0.86509556036	0.366301496937
 -0.664775414958	0.83721289321
 -0.755362732021	0.642764995632
 0.198518811589	0.88488783381
 -0.512628506775	0.935399711026
 -0.864694948815	0.547927778588
 -0.541044471222	0.723925606268
 -0.938691387447	0.374617180418
 0.947214968136	0.451230835246
 -0.331053774788	0.932334187069
 -0.959445221906	0.161728594293
 -0.453417629603	0.81827843716
 0.987028142974	0.322003926069
 0.0152210132142	0.939944719942
 0.804157000276	0.750014258418
 0.58465099849	0.746611845561
 0.0650435068791	1.0510775859
 -0.446080174146	0.796963327645
 0.297865037289	1.0271739348
 0.0373746584574	0.908813206948
 -0.708920029101	0.828573964865
 0.488139069577	0.894800579005
 0.775788203971	0.483559565728
 0.749215631348	0.512562330606
 0.0594816693971	1.06582401964
 -0.654432835281	0.879989261027
 0.979367212817	0.391499582019
 -0.165881058074	0.886234230381
 -0.0543379090526	1.07614069581
 -0.735645243664	0.528857017815
 -0.292695283479	0.865425655087
 0.709698475197	0.76422764927
 -0.469107034528	0.880368683452
 -0.821664358458	0.653994177446
 0.961849331096	0.199859435972
 -0.949021111295	0.130945693974
 0.32721114249	1.04537253286
 -0.953992052258	0.493976201807
 0.137364630183	1.03265026269
 -0.818546742522	0.550905854296
 0.199831132859	1.04357766275
 0.848567937807	0.33009308215
 0.871971924464	0.343381799834
 -0.971144724803	0.434161525106
 0.95429013758	0.203497460868
 -0.901038570417	0.125439791352
 -0.0170419059027	1.00377247627
 0.124891497185	0.942020069813
 -0.275599442246	1.02261119526
 0.211276702153	1.05946678706
 -0.417701734852	0.979893155227
 0.257646518598	0.901626373111
 1.08412455092	0.148279129867
 0.626262784219	0.654733346749
 -0.484495703562	0.845813501111
 -0.371558693045	0.989661273488
 -0.968506513176	0.434825792412
 0.536264614433	0.78747042838
 -0.34392512447	0.847535228968
 -0.980748805717	0.128248659378
 -0.0977673721667	1.00353069006
 0.621138826085	0.819417715206
 -0.522894404081	0.904638313112
 0.120083807567	0.944321084995
 -0.914823178608	0.220918893232
 0.11230056975	1.03748211169
 0.725691407334	0.61108969891
 -0.876862247055	0.598226552157
 0.963920768436	0.170047768298
 0.66586736734	0.650594584709
 -0.510524737193	0.779658901629
 0.790115868664	0.691961734321
 -0.937936692644	0.149452246387
 -0.828139474927	0.576527613615
 0.24399196888	0.967258548296
 0.841832777159	0.668283568735
 -0.92723225163	0.0726104974637
 0.97521205053	0.334682167537
 -0.959460752155	0.503659048679
 0.213350286599	1.00829155469
 0.891513746755	0.151831233225
 -0.932565598738	0.216876894954
 -1.01687802633	0.385079327722
 -0.822342676847	0.50908063476
 -1.0438469866	0.296508595785
 1.06465903579	0.102619852448
 -0.827022546031	0.583846251111
 -0.804774166685	0.63650631761
 0.346573155888	1.03590858675
 -0.939792187132	0.445984536847
 -0.559309926461	0.857737369436
 0.655137753163	0.680379212528
 -0.546185294107	0.87856529259
 0.948610475981	0.285739075266
 -0.479542627379	0.879742025881
 -0.42725745855	0.981497418842
 0.579879195874	0.819045129413
 0.425957882895	0.961001171861
 0.319231097873	0.919003148776
 -0.978550557945	0.213402689307
 0.943021364429	0.379881130405
 -0.953471932482	0.0799137754017
 0.987867618157	0.107551660992
 -0.882423441853	0.534628268678
 1.01419021562	0.136957961904
 0.269878726423	0.878902416481
 -0.846880410548	0.533877850227
 -0.607499759663	0.902564123985
 -0.0636549810056	0.976373233372
 0.0863572037875	0.958478095258
 0.949949611148	0.253972191453
 -1.04110843324	0.121669642703
 -0.0735877000136	0.923805229531
 0.570036044739	0.749684356
 0.720288156067	0.665077518638
 -0.579187186333	0.695537302784
 0.858511521987	0.43304859429
 -0.579576748178	0.839049026941
 0.848379315033	0.50102778823
 0.673514890914	0.653252880363
 0.44237045017	0.795703847395
 0.907001385271	0.472284953985
 0.881156450368	0.392570029555
 -0.900351352796	0.0846341122063
 0.731284021581	0.63705156539
 0.618274524074	0.700106133329
 -0.647934982406	0.657632578527
 -0.532063427865	0.727636209634
 0.836192546732	0.697886308633
 0.949859246288	0.166800078719
 0.911315776768	0.315483430384
 0.885050645814	0.610266416429
 -0.954798504381	0.0588562311664
 0.531541202489	0.742449834996
 -0.995947942843	0.401520888262
 -0.612350646222	0.727091498065
 -0.924532368826	0.592567162031
 0.952613569977	0.202941450405
 -0.145881996492	0.975995878864
 -0.11830774902	0.90861803102
 -0.697547158023	0.711037183317
 -0.924793526126	0.176425936196
 -0.56794621816	0.882774258488
 1.05963425678	0.0540943245162
 0.895563149753	0.416024867803
 0.965147804662	0.52417103185
 0.339504168925	1.01360889432
 -1.04942909224	0.296943070422
 0.808149321145	0.603713047233
 -0.801175578352	0.5185522594
 0.579488775618	0.726765954817
 -0.166701045293	1.08139597214
 -0.899854092073	0.0593275686546
 -0.788504377379	0.679117896207
 0.97655931666	0.0621118936502
 1.0192764607	0.0706418843495
 0.361664487639	0.964017068988
 0.217678813978	1.03368906334
 0.0172496387699	0.965794210283
 0.565911590075	0.771779463711
 0.63873335834	0.884068599567
 -0.932849038988	0.430208731231
 0.787753977897	0.633912521657
 -0.0818505385849	0.936563467251
 -0.0552813377548	1.04913385767
 0.235857715079	0.966446178294
 -0.87667923298	0.266044166509
 1.01270550301	0.115244694058
 0.843685895636	0.648627877897
 0.987874406505	0.10420330005
 0.895653122058	0.217188248193
 0.516659420835	0.804033622658
 -0.737737812855	0.57763839708
 0.325477301396	1.02172492264
 0.224421138498	0.878817754832
 -0.948877195329	0.0673482204858
 -0.879207489965	0.645046765328
 0.698585510833	0.654179870555
 0.455319409577	0.896998345897
 -0.723520526036	0.694424307832
 0.920442244168	0.44822695643
 -0.916747137394	0.306192998441
 -0.766317205066	0.747054648633
 -0.961138229074	0.270573345688
 0.325547855056	0.973571997113
 -0.0642235990552	0.957053917842
 1.038935667	0.329487984269
 -0.383790219079	0.899130146142
 -0.988874265355	0.0930610981663
 0.893957594189	0.506744885938
 -0.172879390018	0.927161478156
 0.211884078418	1.04227528891
 0.888549912226	0.520920670804
 -0.953784558299	0.279002571328
 -0.491026280528	0.959678615877
 0.332533426017	0.848550907274
 -1.01354498995	0.399693330094
 -0.481393229496	0.976791894757
 -0.46249478699	0.961327600006
 -0.661929080517	0.662569898787
 -1.05424234283	0.310482906104
 0.908852712434	0.341381283305
 -0.870987317159	0.277641615677
 0.907079879162	0.469080607706
 0.999133078577	0.369801099624
 -1.03143037364	0.167250920332
 0.652778043425	0.793437483387
 -0.539644445899	0.744425193925
 0.238992065124	0.943431852327
 0.925887876426	0.105765196866
 -0.682063088242	0.716353908256
 0.995926327471	0.0493301684169
 -0.809984745448	0.701775837352
 1.03569650096	0.14103243388
 0.648689449653	0.688200260753
 -0.897554885125	0.578441321792
 -0.60515265199	0.711014621882
 0.643786029028	0.683553015844
 -0.0230421023631	1.07381754876
 0.831534963559	0.605763097192
 0.560909112792	0.764772810455
 -0.741163644887	0.645705055016
 0.0615337193161	1.01933632932
 -1.04617066973	0.196077252147
 -0.370940614686	0.864061229882
 -0.57607345137	0.808586809822
 -1.00127102025	0.276101366303
 0.94881850331	0.548374955649
 0.20164918673	0.923558793898
 0.0808144087972	1.04597445576
 -0.366174626356	0.97632663389
 -1.07254681723	0.112247603273
 -0.699800299285	0.710671123842
 0.0994260313222	0.950162968328
 -0.380403078128	0.951008731755
 0.00968907115113	0.984368711374
 -0.935939616524	0.54718220704
 0.751378560227	0.56937798025
 0.118285920301	0.98206214873
 -0.938259990592	0.153788502667
 -0.993913373217	0.269797937936
 -0.0126105839931	1.03083617936
 -1.0241300241	0.203796638294
 -0.72430782546	0.550546056347
 1.09525747548	0.0743516570998
 0.745321312208	0.605208377838
 -0.0180552816369	0.966763346278
 0.992185308795	0.102086566312
 -0.555967599497	0.926253484556
 -0.196116492519	1.01079196138
 -0.984540812992	0.195133654158
 -1.0019655133	0.407640102618
 0.576214669068	0.721236199263
 0.862878856607	0.5261029993
 0.934966353916	0.0384755616849
 -0.879002770996	0.423936010189
 -1.05951759108	0.0178868467039
 -0.79607406725	0.425981788137
 -0.893627006546	0.340590417523
 -0.0161221147513	0.994994149189
 0.366119136016	0.907127581801
 1.04658058358	0.168029471386
 0.039439468976	1.0053176046
 0.520129949614	0.964295481394
 -0.398813162898	0.981913002198
 -1.00843654195	0.329404683427
 -0.943081500276	0.205560429946
 0.552490142742	0.783055021894
 0.947850992899	0.24336921162
 0.978847312162	0.364022225188
 0.822992261118	0.554815449358
 -0.504954024006	0.764761013378
 0.902992263049	0.118204254721
 0.242841922027	1.00857339586
 -0.962231294235	0.532005398269
 -0.21516094021	1.00947972214
 -0.281484957316	0.907734134746
 -0.0819012094185	0.925556448153
 0.825981622286	0.591543417915
 -0.958281512479	0.527887253434
 0.270062115222	1.05982414684
 0.450612716561	0.978105561641
 0.565656514144	0.892337378245
 -0.385327309435	0.981476883044
 -0.757384285886	0.77590749289
 0.884398601218	0.646042515343
 -0.860103038907	0.569375338633
 -0.461906111	0.864051272815
 -0.802975133281	0.435147989461
 0.610162581264	0.786679937834
 -1.01352246577	0.136263329783
 0.207838710429	0.951104737677
 -0.142537697947	0.986983843353
 0.40574504079	0.879386541817
 -0.420127820075	0.830306722206
 0.396505417667	0.923470883523
 0.823603137565	0.518302421925
 0.375401995476	0.983157509618
 0.469038631456	0.913094652534
 -0.538623456445	0.793622375593
 -0.927093469865	0.105996795219
 -0.983664417972	0.218194394657
 0.611813576367	0.794984505141
 0.0338982649997	1.06740922852
 -0.272004582146	0.915384750143
 0.666821905234	0.844627176634
 -0.738027748084	0.579219765623
 -0.845825527721	0.566545793892
 0.271754341759	0.984288179688
 0.863154091655	0.507168210296
 -0.842672962388	0.611409396543
 0.626194382853	0.685225623117
 0.948160205023	0.262829237295
 -0.292036656626	0.920850682218
 0.64935930931	0.738292005166
 -0.703173481623	0.597757328842
 -0.246876285231	1.00353880628
 -0.673283811294	0.816172892121
 -1.03838618813	0.0423198818103
 0.814897553017	0.616063083015
 0.90465084083	0.140200423064
 0.695271407093	0.72673197228
 -0.235296760532	1.04112168716
 -0.0870951580107	0.970187833348
 -0.52844070694	0.838723061887
 -0.494073524321	0.941213035758
 -0.311777114787	0.955724072932
 -0.354705349054	0.961815853544
 -0.847077025356	0.557378143114
 -0.863118219762	0.359738768213
 -0.369487807692	0.915713044807
 -0.805619460708	0.722859168862
 -0.958491790821	0.134554588379
 -0.777623491331	0.520464742013
 -0.22910418013	1.05002746794
 -0.289743110714	0.945795085302
 -0.90827686276	0.430015635586
 -0.743674304016	0.563095526761
 0.0894245048401	1.09518509927
 0.888758073718	0.240615582301
 -0.658706552765	0.71015093912
 0.981583449761	0.199030399689
 0.196274752997	1.025299532
 -0.693651388438	0.717811611298
 0.340149585441	0.964545724833
 0.0855294904317	1.01760864107
 0.569326262105	0.770924009987
 -0.367626464023	1.00959480029
 0.427995735817	0.84043432079
 -0.891994156604	0.18292231911
 0.43781259497	0.786790438926
 -0.930101093696	0.132604770203
 0.0922340845206	0.984502207705
 0.427724746694	0.850578985451
 0.688101676	0.730382380285
 -0.839406329349	0.404370850205
 0.0468077769769	1.01411801049
 -0.654443573932	0.721486200821
 -0.869416460519	0.560274041768
 0.727080506982	0.546859251281
 0.164950955979	0.938806378535
 -0.476708064667	0.901543605557
 -0.675803816662	0.684573332315
 0.655868648885	0.671828273898
 -0.0713854253458	0.976188981788
 1.05384079247	0.203427860736
 -0.0196455315166	0.976215253531
 0.426734950474	0.799083804176
 -0.822817239236	0.623976254246
 0.933536832752	0.533486572227
 -0.873568684672	0.55101194466
 0.905167990399	0.162163501766
 -0.544199385743	0.925791514524
 -0.383417664367	0.892731531831
 -0.178255986445	0.974093950668
 -0.0479560627922	1.04407809419
 -0.95236133855	0.156452061818
 0.667100670281	0.809153533603
 -0.705311074007	0.686757725318
 -0.210585491889	0.987183284558
 0.0983084076387	0.963551682763
 -1.07514063823	0.084049436602
 -0.915353694605	0.304884461428
 -0.933257874761	0.390011476887
 -0.359117245695	0.873128459705
 -0.584197897506	0.810013229227
 -0.951749628316	0.519118627786
 -0.884830719317	0.242263084367
 0.732827468673	0.560487694791
 0.616606470359	0.713483515179
 -0.0197896954148	0.994683908441
 0.623291321668	0.806006450975
 -0.960725507303	0.167794582553
 -0.968781736748	0.246702540795
 -1.05124937637	0.191750038264
 -0.955026659113	0.294148897024
 -0.256666047684	0.94306281545
 -0.0837019863551	0.956988091466
 1.05951649305	0.125895347762
 -0.900703705624	0.341519909046
 0.43367266171	0.936078911543
 1.06385967713	0.182818645571
 -0.995325211618	0.412116869892
 -0.484045764703	0.850820276717
 -0.96768123131	0.0130871036145
 0.529344380768	0.879048185515
 -0.0731531913715	1.02692751109
 -0.481038637272	0.846025119785
 -0.7778440086	0.488103745448
 -0.751084453392	0.528098013842
 -0.406883648125	0.901433290503
 -1.0328320111	0.0847450666721
 0.17451592758	0.936874866249
 0.514207161342	0.807376388375
 0.889541120923	0.611022032453
 0.33178126625	0.953086984767
 -0.98982963117	0.301801174663
 -0.983873521704	0.196065891177
 0.21130829809	0.877888335847
 0.282064548261	0.899138986013
 -0.536464543731	0.809534858805
 0.973848300846	0.0531429444055
 0.765993884858	0.479671368353
 -0.877745544687	0.395396108906
 0.480244788203	0.97268942847
 0.948945049108	0.254544886689
 -0.388985162929	0.92851450482
 0.0563284335323	0.950378856083
 -0.0384134750736	0.961100619263
 -0.325431769653	1.01552590797
 1.06937446852	0.157450673709
 0.225940286995	0.968805775576
 0.179019195649	1.05602844773
 0.615261342148	0.670487088539
 0.0391750178384	0.963076159255
 -0.266758012502	0.928625222761
 0.329131748011	0.887812965366
 -0.914213791602	0.156290812296
 0.732094147983	0.558577427441
 -0.164648533941	1.0434805215
 -0.849118996685	0.580298002916
 -0.367241819485	1.01143180499
 0.586277308405	0.89565680385
 -0.626919187604	0.873319058368
 -0.861188410107	0.380195611994
 0.278718920265	0.889441850076
 0.915368931664	0.594215963278
 0.972674432724	0.441386285738
 1.08439746852	0.0851064184606
 0.890509729756	0.252958680169
 0.754700036675	0.789102901203
 0.0239789985799	1.00511925316
 -0.736535534589	0.683872930133
 0.896171551191	0.44382072495
 0.772408576913	0.781972031176
 0.445076733304	0.944994628137
 -0.597506102349	0.914895415753
 -0.59626315221	0.858419813947
 -0.337620887385	0.995529315706
 -0.668104858418	0.710645740344
 0.967630285718	0.0475299248868
 1.03664318003	0.164212385298
 -0.992666382085	0.219156502275
 0.668187112712	0.853709383131
 -0.199006040397	0.937908060502
 -0.0482378069988	1.07269965456
 0.430378182604	0.915712910596
 -0.0170255312695	1.06432571713
 0.905001082148	0.049342567225
 -0.895074808574	0.51245508737
 1.0216314183	0.1850472076
 -0.555509173259	0.737472347607
 0.857698134357	0.586928715905
 -0.922211685167	0.455380958818
 0.756921739212	0.637917991209
 0.82309689091	0.514527980607
 -0.186049314781	0.932017140932
 0.886268192572	0.349165758648
 -0.988367461166	0.0998443805058
 0.642858000231	0.651944064297
 0.464555333214	0.830966194652
 0.50617401744	0.762276134006
 1.02458070222	0.165140759512
 -0.969894219158	0.285515179509
 0.785107924295	0.494976642703
 -0.823200254656	0.726327513977
 0.474592987515	0.90695369
 0.973948846628	0.0433412312241
 0.197192342789	0.941641251861
 -0.926263332166	0.459827443121
 1.02706121278	0.311424732871
 0.799344302452	0.705090343739
 -0.982250576437	0.144136377678
 0.257320589584	0.977375093737
 0.913331797989	0.591042044249
 -0.195075596495	0.926783853687
 0.542740153013	0.736288280543
 1.05161067568	0.00134606541921
 -0.846557361772	0.464566948284
 0.909190475168	0.39487010135
 -0.847720613867	0.363111436581
 -0.996684599005	0.13233807974
 0.933077209429	0.296112675796
 -0.747169133611	0.551406979731
 -0.686882492083	0.716337098432
 0.313601576951	0.893061385996
 -0.829337137299	0.645427882665
 0.909696086556	0.5978008244
 -0.149144972411	1.08273949583
 -1.03175461767	0.139813551138
 -0.816263809793	0.388692717573
 -0.342610739707	0.922516011486
 -0.955437661765	0.483258580049
 -0.441446426923	0.797025706997
 0.0540605281373	0.96269772731
 -0.672048894612	0.780306325368
 -0.675917180912	0.696009300305
 0.969230690091	0.403922642321
 -0.743360574178	0.598953237704
 -0.764537777643	0.616282922611
 -1.00716388572	0.305133564971
 0.754577565771	0.595433461467
 1.02697449659	0.0467991315641
 -0.963209344335	0.359557824235
 -0.160541429685	0.964492243985
 -0.922716551912	0.51977929126
 -0.648044041833	0.663063045081
 -0.890922960224	0.611349768753
 -0.560156347778	0.761285859411
 -1.0346161636	0.269224304743
 0.909398367227	0.351775912029
 1.02304215671	0.291053588088
 0.913505348047	0.262854116624
 0.859633525358	0.309365599387
 0.965246249507	0.0837254812004
 -0.396569073466	0.864311148704
 -0.345930695968	1.00366792347
 -0.0281055026457	0.935189002122
 -0.958012819758	0.103677119705
 -0.297537373682	1.03188517984
 -0.29132600835	0.899214520047
 0.9693588573	0.197045360526
 -0.92984193152	0.0960893886679
 -0.932277347395	0.476493983245
 0.90108649433	0.485912133556
 0.978057074503	0.250811592993
 -0.628076190998	0.889542486943
 -0.91995701514	0.141269651159
 -0.231882484532	0.905179129145
 -0.582666781643	0.894170174413
 -0.275309678625	0.973788973474
 -0.545107934728	0.783233307438
 -0.388845917941	0.872375569734
 0.999063366689	0.0860412893878
 0.238991332442	0.987286136355
 0.0103745293059	1.0492719733
 0.108487946558	1.07906282364
 -0.939573357039	0.475196233266
 -1.04838931313	0.284217896992
 0.407313499263	0.977874315394
 0.113165936654	0.917436309815
 -0.968807473003	0.200123676964
 0.838809655455	0.59618619685
 -0.630285083187	0.830705467262
 -0.0259936998525	0.936057487592
 -0.231639892727	1.05325624329
 0.808736240952	0.51415051002
 -0.835428839543	0.470321141725
 0.601551913045	0.674223292279
 0.667844780979	0.74943564902
 -0.59459762889	0.796008022522
 0.533136756482	0.851996564818
 0.614450432205	0.689488452062
 -0.980874044749	0.229767714512
 0.00839795372322	0.921044059205
 -0.959622474448	0.113361704961
 0.491607781176	0.930613523798
 -0.699784346969	0.664178651074
 0.394257208829	0.861706002007
 0.716737526546	0.562446098121
 0.835472320021	0.693593924595
 0.555868426396	0.819647662381
 0.918907122568	0.213822088526
 0.199289273878	1.00713350482
 0.482297430851	0.957107656161
 0.991570286704	0.376852817554
 0.514606880999	0.923483789001
 -1.01878922699	0.00622504902969
 0.952226591714	0.206064018017
 -0.0566533840528	1.07413008368
 0.272464290024	1.05603925495
 0.143161567491	0.963196066298
 1.04378590928	0.145751610475
 0.2086607856	1.05412900578
 -0.94744081551	0.0550575079023
 -0.0732908075802	0.945086493671
 1.04732393759	0.123536527981
 0.0457389030572	1.0386345634
 1.033934398	0.0392581433014
 0.949671768014	0.493274124234
 -0.96154272547	0.315389396055
 1.02526780316	0.255746205215
 -0.872952360125	0.625534088571
 -0.250042721418	1.01794623081
 -0.872307775624	0.652550260729
 -0.505284115435	0.791321558929
 -0.981710271059	0.387636531432
 -0.010002248287	0.998819201893
 -0.974989132804	0.0521830117795
 0.747317714954	0.764796984914
 -1.04764984474	0.161322057086
 -0.172152291658	1.06260527615
 -0.68199350938	0.709574443878
 -0.59934605202	0.895499607722
 -0.313756033503	0.958932216045
 1.04530308491	0.0206193666355
 0.941771137179	0.286094347491
 0.836512648198	0.428702086781
 0.506479902767	0.818504534758
 -0.218846408865	0.923464613853
 -0.863473604252	0.495156383092
 -1.00012899705	0.205954365643
 0.806351403149	0.417303292482
 0.897350621843	0.226598454202
 0.000230326792878	0.973722038842
 -1.0050464952	0.254660587789
 0.340461762035	0.987535063662
 -0.914623636149	0.0292896405261
 0.481390022967	0.837683105822
 0.738682890878	0.767822202956
 -0.276759017333	0.963861656922
 -0.986151171109	0.437032397271
 -0.340514535807	1.03221493199
 -0.373249070368	0.868509256249
 0.894216700787	0.233688652398
 -0.320497357655	0.860498286806
 -0.682824773232	0.79681223578
 -0.978617779946	0.272757659857
 0.0296258918726	1.05873533812
 0.526506771367	0.842110215997
 -0.724670049677	0.772526123212
 0.204587419383	0.908974681245
 -0.921488172324	0.412499317055
 0.849635715414	0.387729353608
 -0.565345165869	0.846714849203
 1.08653848483	0.129231613458
 -0.364508543674	0.881121277264
 -0.804538670831	0.535522431911
 1.05717859888	0.216965479349
 0.49038152961	0.764025044135
 -0.714878485394	0.686673908138
 -0.0184240009078	0.99718736062
 -0.469520279085	0.936778579501
 0.0235474183271	0.920104415781
 0.22323411975	0.909568040744
 -0.442473597815	0.892336991263
 0.779130807813	0.617984349194
 0.660117555788	0.829412354899
 -0.0292627895008	0.964534306535
 0.155491968394	0.951540312743
 -0.678249049779	0.631587716482
 0.718467795746	0.550105382096
 -0.670544170035	0.726812202647
 0.0663609762628	1.08962314687
 0.976431872275	0.450762243433
 0.953471155955	0.356199993471
 -0.960838032394	0.402186991918
 -0.936791888353	0.438429577356
 0.881806602512	0.487551135627
 -0.650928988691	0.872234437457
 -0.944932640472	0.38255049324
 -0.931296800878	0.046930942164
 0.904071573787	0.150923363903
 0.998053261104	0.266622886328
 -0.42875093289	0.905994272656
 0.107529499408	1.02184287298
 -0.880753748702	0.411376948133
 -0.720472558891	0.60278913694
 0.357172558772	0.826117474196
 -0.89839920256	0.170513036709
 -0.353766445802	0.886648863976
 -0.314599423843	0.854826477076
 0.762865265137	0.650177689635
 -0.975276809414	0.453026976317
 -0.991366157279	0.264253451051
 0.697751683741	0.674884178721
 0.962400004546	0.280095523747
 0.985825462107	0.261749999613
 -0.0888662723937	0.945133524912
 -0.794385367994	0.459569627093
 -0.892232863751	0.248999370149
 -0.947385009088	0.538736196895
 -0.00533576817425	0.959544105234
 -0.800939970234	0.703345779393
 -0.489452762184	0.902873582867
 -1.00546530565	0.433853320559
 1.00120588866	0.247727829627
 0.956495614737	0.0643234747694
 -0.958463524417	0.154987926317
 0.696925245156	0.580096399172
 0.860858242924	0.458170090225
 0.672109894937	0.745095785765
 0.501710004341	0.956920843895
 -0.903555371915	0.490365626767
 0.908363727581	0.375262303469
 -0.983777761026	0.364604483336
 -1.02637332553	0.264159603272
 0.985366929365	0.277305911952
 -0.45281341068	0.936192698896
 0.632333044369	0.642732206818
 -1.06268587471	0.274882996566
 0.931925079337	0.354888301895
 0.830176782907	0.536896729384
 -0.852264058911	0.478478975246
 -1.01467109669	0.24871002531
 -0.916135913726	0.439097121908
 0.245350858987	1.04368068598
 -0.561397479296	0.877444480865
 0.202572191659	1.0591028517
 -0.49985132156	0.906591076502
 -0.316875026728	0.953334603903
 0.945842253348	0.269294674808
 0.751234216	0.748900850759
 0.918785459031	0.0901581408284
 -0.986849373773	0.239401010202
 -0.685612585738	0.717526399016
 0.714360805813	0.664076424329
 0.72658111224	0.731675175728
 0.873801447285	0.601192330419
 -0.870866370657	0.288254998487
 -0.964010618948	0.060632928494
 -0.681496587572	0.603369503657
 -0.955985456616	0.0895306467338
 0.547211019204	0.837632672641
 -0.639553504785	0.763582144253
 -0.280833743527	0.91736083835
 0.67136585229	0.79292334111
 -0.0723102622737	1.03252949926
 -0.315170782695	0.989203352185
 0.842055809339	0.583889954921
 0.520494199469	0.961243130676
 0.838928587958	0.574499262982
 0.891893113272	0.533590967584
 1.04969199962	0.0294013542968
 0.963065573439	0.380682920436
 -0.272659438746	0.916563444265
 1.03663689936	0.00814171613329
 0.0756329070802	0.910548176955
 -0.732539446012	0.627441038856
 -0.0948001816655	0.934450992928
 -0.635878666897	0.860240388831
 0.502700830299	0.881359475364
 0.906471854301	0.29550231115
 0.169499449215	1.06462007792
 -0.731521050199	0.689943995587
 -0.749492625323	0.689321395735
 0.376549138545	0.999836512069
 -0.241560142771	0.938462569691
 -0.659066855846	0.744925705073
 -0.191363602251	1.05765551687
 0.0949278937472	0.920222834305
 0.896133791383	0.37001988406
 -0.83947141713	0.560239867165
 0.878884035427	0.45469438076
 -0.29711309823	0.859898829775
 0.860904988423	0.558404175873
 0.342035684689	1.02843245932
 0.434437117003	0.831390011871
 -0.0593879876682	0.90860801326
 -0.527842597102	0.846783903679
 0.423502384425	0.88841593767
 -0.90142428986	0.0856800838558
 0.471259842138	0.814404116192
 -0.270884280638	1.00919453773
 -0.684498514357	0.800326508362
 0.489086781946	0.762440832588
 0.528739110362	0.794884700831
 0.230277991427	0.943342515683
 0.981555520367	0.34245171951
 1.05651604547	0.182517156014
 -0.946087951168	0.286758690576
 -0.722455171343	0.606757083077
 -0.843845962035	0.510068864838
 0.220586150857	1.07216334284
 1.01414824485	0.40024692052
 -1.0050880157	0.409406129953
 0.618127224646	0.752909300306
 0.505098429156	0.788844008751
 1.00768139546	0.423038898287
 1.09846782227	0.0173575472574
 0.427818683661	0.803287210049
 0.486051857849	0.879002629382
 -1.03249526307	0.314498463217
 -0.807998094915	0.46086189663
 0.828389991011	0.547275628857
 0.616168392286	0.660402511315
 -0.857616731403	0.654244302657
 0.845886223634	0.622904471223
 -0.635049514533	0.644545929828
 0.861878159079	0.530163666478
 0.952425521399	0.128502501789
 -0.158731785965	1.07438356121
 -0.590741851232	0.773754765203
 0.158041591578	0.96375484155
 0.214555492572	1.00493385605
 -0.176019226883	0.918055860529
 0.730529690763	0.646906834171
 -0.924356064623	0.277103114765
 -0.784883258429	0.698730993018
 0.459043250711	0.880681744843
 0.345454040031	0.918692445375
 -0.72999735449	0.791756099763
 0.859822196033	0.272849061478
 -0.92469913377	0.467564363815
 0.532531285619	0.836360725136
 1.01987642142	0.0063418474064
 0.0666021147252	1.01178556117
 0.34579710123	1.03486089561
 0.618648725489	0.854253946357
 -0.793828131138	0.566083461917
 0.636961918846	0.646488107912
 0.896573917727	0.457913612627
 -0.480103774246	0.875202211457
 -0.892422485834	0.587804923295
 -0.846597949459	0.537297802046
 -0.679470415347	0.655130119521
 -0.359370365632	0.877099414162
 0.966058211872	0.293584336229
 0.575934557011	0.830840243101
 0.292541688812	1.00917972989
 0.628313434762	0.768161071759
 0.0804045650295	1.04578016976
 0.583248018443	0.76880312771
 -0.980610042843	0.1079421937
 0.23464180244	0.924895832512
 -1.00003205521	0.223490964351
 0.933099754987	0.46490006642
 0.146568261529	0.973786420289
 -0.804676257997	0.461511535733
 -0.329063502487	0.983563078019
 -0.535852633448	0.76397298186
 -0.603492110239	0.906467613888
 0.69644453783	0.628778874946
 0.959848934306	0.0688137384978
 -0.0395426756058	1.06217617898
 0.442882070086	0.93173434489
 -0.783781759266	0.570197841995
 0.696642719519	0.731921544441
 -1.06019248017	0.237995157102
 0.628863256606	0.673738067064
 0.761401214264	0.662231081826
 0.0236043278171	1.09044391593
 0.425267622846	0.952485025148
 0.305260614521	0.887377140478
 -0.516376284306	0.969275621071
 1.06095771019	0.0662922554568
 0.345816930168	0.922087579858
 0.896996602628	0.401149428139
 0.477284481225	0.976022645926
 -0.0994274380842	0.913607295084
 -0.11449644165	1.02579135796
 -0.115809271673	0.898592078367
 -0.852694019368	0.686940308829
 -0.929571623009	0.581332917487
 -0.624527687879	0.649017140981
 -1.04301390957	0.212871936024
 0.371956613987	1.00097974562
 0.516589539189	0.913243864209
 -0.322993594473	0.935880667124
 -1.0486753517	0.0805734463024
 0.851623109309	0.295040446639
 0.113210408378	1.07740396014
 -0.904149308709	0.147326992948
 -1.07023290404	0.250869094427
 0.8989382117	0.115105536745
 1.00855906741	0.0434178353162
 0.746983951099	0.526938250202
 -0.914366750118	0.441360843798
 -0.570178159728	0.729264936073
 0.217952697131	0.966146170807
 0.21660871318	1.05317856798
 0.594062252528	0.902904430208
 0.718595915162	0.825203984508
 -1.06786052582	0.126433452305
 -0.350544547938	0.906788881194
 0.0346760345255	1.08485289518
 -0.0304163953391	1.09507536784
 -1.03810510533	0.179703787585
 0.363167205197	0.953390640064
 -0.898906956338	0.145024387025
 -0.00280439501886	1.04011554102
 0.475152754288	0.793595012713
 -0.960393413846	0.113258611292
 0.182137585219	0.951512221003
 -0.580815309465	0.829283198101
 -1.06295913806	0.042018070726
 0.122313204678	1.02368747394
 0.801170503293	0.574883067298
 -1.04923727277	0.266111143727
 -0.43171039214	0.816805300594
 -0.430244618527	0.830431170493
 -0.94731523074	0.527150909678
 -0.833723488142	0.68436747423
 0.720073817349	0.578330730416
 0.806152544976	0.436340535148
 -0.951690315365	0.199785891365
 0.961482854226	0.328716981998
 0.819275893142	0.672890987697
 -0.451437731312	0.939155127005
 -0.753650125985	0.679893621857
 0.316190259189	0.858804976906
 -0.677538483838	0.693903059983
 -0.0122640115601	0.90200423067
 -0.111199368832	1.03758784989
 -0.127772863168	0.895769173743
 -0.92947223743	0.508390679097
 0.891495455887	0.326205703687
 -0.672983550997	0.667693867732
 0.985728259105	0.121690738597
 0.50994962977	0.766406808501
 0.962830018641	0.258828854981
 0.82112414364	0.41094165416
 1.01814828789	0.231381076586
 -0.379217791858	0.955425217234
 -0.550066959773	0.731058837597
 0.915943202576	0.451255572594
 0.0849600696501	1.07393787002
 0.863318517696	0.510217106862
 0.476952825704	0.99111479084
 -1.08634826613	0.115034052753
 -1.03435202611	0.295663994245
 -0.393270247078	0.818186034035
 0.335883325634	1.043937422
 -0.939945200523	0.408709709887
 -0.515570461246	0.770822770723
 -0.405161746624	0.841004500638
 0.904149421329	0.218735935118
 -0.489607707797	0.836993160349
 0.462936923751	0.838479126813
 -0.553247451186	0.842283985422
 0.875188168751	0.320662326436
 0.88105965458	0.279412536532
 -0.506418755439	0.93050952694
 0.154706598262	0.964825798578
 -0.581386052657	0.765555160297
 0.953606213223	0.127606101399
 0.556765138925	0.933111712776
 0.897230279411	0.601804107442
 0.895858158334	0.172195022112
 1.04241886941	0.0759459366194
 -0.171083570588	0.953599424773
 0.268439714813	0.972696114517
 -0.645523344583	0.763085188551
 -0.917604239621	0.268261363162
 -0.343023634139	0.98907532672
 -0.0944671434839	1.08669033308
 0.944364131519	0.00318773534089
 1.00717499776	0.105336813851
 0.885447726216	0.639845876259
 -0.842354792609	0.336267747695
 0.202018598573	1.01577314342
 0.563190694934	0.88015277516
 -0.734576190941	0.759074129729
 0.333595013472	0.949058054802
 0.577600477777	0.719775346978
 0.881902544894	0.181685974239
 0.579756490968	0.722557638494
 -0.805729290022	0.627222113075
 0.211314598143	0.975020799755
 -0.986571677262	0.0234370318314
 -0.379057589591	0.861152454437
 1.06687677923	0.121506508509
 -0.891255410754	0.330356054151
 -0.894908025368	0.544689828656
 -0.0462665157311	1.06111410185
 0.476801533199	0.901586262156
 0.778064529912	0.533168456547
 0.166789757603	1.04252272998
 0.926455230016	0.30200292277
 0.039882347589	0.950917078661
 -0.54524047523	0.916845965251
 0.293495619288	0.968384986153
 -0.548876018783	0.805729191034
 0.736823445386	0.782767787089
 -0.821122540043	0.650952606521
 0.944930243229	0.288329912548
 0.831364195324	0.47630697063
 0.854729581678	0.406389634097
 -0.98323721811	0.454927048003
 -0.538870874512	0.878192686074
 -0.909227536883	0.373067542848
 0.652711765588	0.874490105072
 -1.00499791995	0.325300323447
 0.291231153967	0.920893968715
 -0.326737582448	1.04609887422
 -0.208132464457	0.900823577233
 0.150681111202	0.983489836984
 0.0160345556881	1.00165080096
 -0.299759402115	0.890876925524
 0.962444571614	0.165374045685
 -0.970970891577	0.448408486539
 0.234111954081	1.05297515693
 0.743850820705	0.756730116184
 -0.65548559713	0.737467965456
 -0.812473218952	0.635088433155
 -0.62875353717	0.779118786086
 -0.782348419609	0.644299488974
 -0.555375776838	0.892932107992
 0.908693998223	0.494064363743
 0.85638596981	0.461395342662
 0.903302494903	0.0281654677077
 0.533265825973	0.824392219957
 -0.162164089122	0.974922869385
 -0.579823726935	0.867227524441
 -0.0753400984088	1.06606968965
 -0.502244865992	0.97032435946
 0.91380321966	0.174423153171
 0.83172994281	0.611280412157
 0.359211956194	0.871501232518
 0.929883375123	0.426384775431
 -0.926259087536	0.25536666331
 0.839467600517	0.634229200446
 -0.284040967574	0.886620964285
 0.5253420069	0.800391613345
 1.03681166313	0.14378641529
 -0.357682921446	0.933908031175
 0.759621212588	0.516541591489
 1.04974263335	0.0932782645251
 0.423739112057	0.880057136859
 0.814545323191	0.435511150901
 0.760086115581	0.78876822881
 -1.0776478791	0.00855981754523
 0.326437972026	0.990605314536
 -0.879082640507	0.550999870272
 -0.553280668475	0.81186969024
 -0.699032030364	0.638567006814
 -0.782714200436	0.641833189601
 -0.553613597116	0.793076502194
 -0.826633141272	0.708279551518
 -0.843044388651	0.702834003595
 1.00166933368	0.109152684078
 -0.871611988213	0.500627187597
 0.752790372674	0.538712924799
 0.275698776787	1.05989021676
 0.7490597101	0.550498041083
 0.45268214756	0.874493374443
 0.84343463887	0.679488475305
 0.723708704307	0.576802593762
 -0.694571650355	0.69956083956
 0.0451293767469	0.982240850335
 0.390316002154	0.91598939658
 -1.09264070996	0.117030156834
 -0.796026119145	0.727800623486
 -0.83342972324	0.497767134369
 -0.676414538122	0.816933908543
 0.846199645395	0.593854374641
 -0.436930271422	0.983321537387
 -0.389938160508	0.966723056964
 0.230026679117	1.0409183245
 -0.99755990012	0.201878080272
 -0.851399127871	0.654255841676
 -1.02178913144	0.375436535142
 -0.821416122758	0.644599589009
 0.962027925011	0.468472237653
 -0.943737612704	0.537616089964
 -1.00864604827	0.152141499133
 -0.952578309935	0.00492851177711
 -0.134981825253	0.978624829036
 0.0326536791738	1.02782312761
 -0.839401567868	0.349345284407
 -1.03969526363	0.102356364955
 0.57197239281	0.829903378993
 -0.8230902276	0.395625475228
 0.403415642369	0.995648455297
 -0.35062001918	0.83574578595
 -0.71130858537	0.679610893735
 0.565547758352	0.729011713725
 -0.273958295248	1.03697851913
 -0.860199728385	0.462782771731
 -0.541464115187	0.786123740384
 -0.321194143577	1.02493111735
 -0.780780879032	0.544707622509
 0.327840903418	0.991179864059
 -0.968419675563	0.297080768247
 0.868122565853	0.403016076554
 -0.391427295716	0.8945790207
 0.760129573127	0.503636965799
 0.871461954494	0.503449317088
 0.661376187196	0.64597084122
 -0.499150576541	0.842922278095
 -0.856503797165	0.429106896598
 -0.32052492077	1.03458014648
 0.0507094792752	0.901658680645
 0.917280626149	0.0116964038926
 0.76318751337	0.572082000581
 1.02062602562	0.326657608766
 -0.28393373905	1.05788759436
 0.870256686762	0.657125895176
 0.80141199653	0.500483478549
 0.273510250802	1.0211562446
 0.980450926437	0.198729377878
 -0.948349988181	0.425133036147
 0.874311713261	0.658141832786
 -0.538635125832	0.754943400998
 -0.685088002884	0.852142453178
 -0.896425728969	0.453118268032
 -0.896321357907	0.227296336866
 1.06458689155	0.137209520631
 -0.836022948974	0.375304657897
 -0.878172068664	0.224607878991
 -0.826593554061	0.457145414531
 -0.166617680348	1.00560994615
 -1.08409181364	0.052051636348
 -0.414044429481	0.917371478698
 0.885403647808	0.274082527138
 0.920754772934	0.501180887203
 -0.312254910693	1.01452532756
 0.209855563603	0.950017945177
 -0.960235271063	0.270555196767
 -0.705123034579	0.797860658766
 -0.273064694073	0.923732634676
 0.0182282639494	1.00922541382
 -0.672985294653	0.702017804096
 -0.417968018906	0.838108010547
 0.783591709127	0.706369850243
 -0.61653416676	0.680067239032
 -0.250712020138	0.924636703115
 0.606955689259	0.69607779526
 1.01880789568	0.120579104568
 -0.707130273847	0.737125363948
 0.428645494252	0.902930385921
 -0.189901074704	1.00532584019
 0.365480396492	0.874911254763
 -0.879273702557	0.44836510657
 -0.909903834508	0.551169916299
 -0.739090376804	0.564289925056
 -0.78205387428	0.734765266095
 0.483232257088	0.97021188783
 -0.995382985721	0.0774823074592
 -0.911791710297	0.396119672371
 -0.530422752342	0.952571549486
 0.47747333488	0.876269842716
 0.988300085241	0.122003666457
 0.988473066856	0.362326413372
 0.457342859134	0.913177982645
 0.986488305563	0.418768689244
 0.957612037597	0.137477652251
 0.51632842332	0.908317918252
 0.00873735051832	0.951936177664
 0.533989926976	0.819950772188
 -0.924848560321	0.449607286919
 -0.255777435862	0.879197587193
 0.975292787509	0.397147715751
 0.0582060178598	0.899225630848
 -0.164540710367	0.897110525662
 0.320083954419	0.978856309463
 0.117081569535	0.93624444307
 -1.06947168951	0.112870865015
 -0.790975341442	0.47508676446
 0.820908098091	0.505609574031
 -0.435997219897	0.855453282353
 0.90829130536	0.177600506783
 0.888950632014	0.252130874596
 -0.105361658629	0.983256551496
 0.821393790562	0.689226007809
 -0.315939829129	0.976001071428
 -0.831161985042	0.464196425814
 0.0879636817464	0.904325560025
 -0.6379002913	0.681333526763
 0.838223702501	0.657882628993
 0.962622624501	0.368835628839
 0.782720436765	0.710265256505
 0.901825890435	0.61651382999
 -0.368197735487	0.907431112775
 0.515816025165	0.887037929265
 0.735553719775	0.599115383248
 -0.458565906277	0.913757708757
 -0.122323665222	0.944130006155
 0.323051532622	0.915945903283
 0.564726806748	0.846618277025
 -0.200216991855	0.894454228634
 0.123259871886	0.986387017162
 -0.773833140178	0.538232951099
 -0.0497946451571	1.02477800491
 -0.302331573347	1.00806026623
 -0.902970238073	0.231069810432
 -1.03891017276	0.181828584494
 -0.3853354397	0.834238506654
 0.928607745527	0.0259553769898
 -0.176430322862	0.954189915745
 -1.01317392376	0.286946908546
 0.733506836447	0.679286950086
 0.603025214879	0.713520135846
 0.174045222765	0.979120258304
 -0.332415136028	0.927088737654
 0.547116111197	0.830043620733
 -0.423392313449	0.853816322068
 0.0928183866988	0.895459303661
 -0.913701089389	0.460801453807
 -0.814359346513	0.479042743402
 0.785034419227	0.521582927963
 -0.683341117132	0.851957676931
 0.91279072436	0.557615575904
 -0.975349304971	0.269253112903
 0.927404733038	0.0868599319154
 -1.0518912958	0.0071882600059
 -0.965733943968	0.512787566317
 -0.176786346517	0.999477246024
 1.05169948868	0.15950262371
 0.359563641931	0.863616172475
 0.765985884537	0.666271023531
 -0.965050468626	0.451580813514
 -0.946543460693	0.277787163185
 -0.774038149293	0.730978601949
 -0.993332153981	0.231576715761
 -0.236514460682	0.952891992502
 -0.825719756432	0.377324714191
 0.730008358059	0.768291801193
 0.444409892699	0.873441743828
 -0.853545239957	0.310127020424
 0.952436420768	0.129177553585
 0.0779822519996	0.909115273079
 -0.174758950203	0.962162071182
 -0.424579445872	0.965735231299
 0.114823145897	0.986771867299
 -0.154403414015	1.03295725902
 0.452098127729	0.917789259664
 0.0560553123244	1.01163239771
 0.848413784377	0.39890654799
 0.827738314628	0.674356781703
 0.932671857331	0.338095314561
 0.682826955434	0.628528522228
 -0.444580611227	0.917117047728
 0.252105084995	0.978411043292
 -0.878303330219	0.284142145208
 0.0434065268274	0.956787229812
 -0.514277184951	0.955316317899
 -0.986110238215	0.315889176081
 0.431128317423	0.809475628134
 -0.679780365186	0.754937109532
 -0.65386720863	0.62340708734
 -1.0011693216	0.350832238465
 -0.570829858225	0.906295254356
 0.50183658969	0.957314649316
 -0.884596098809	0.601572467232
 -0.295809365086	0.989528380497
 0.932743618681	0.133949348195
 -0.729028066463	0.775776230902
 -0.761501730724	0.772516572432
 -0.0300391817297	1.03878147104
 0.487759542538	0.884593625589
 0.96770468325	0.468295778781
 -0.298438275998	0.884629866959
 -0.900990024931	0.50235674537
 -0.430352701372	0.844868096132
 -0.856057293964	0.684087270785
 1.07879180768	0.135702435307
 0.859070185059	0.634216791244
 -0.303583329529	1.00425997464
 0.860703734722	0.327746689895
 -0.778314266565	0.509114069717
 -0.0846612365486	1.09636149595
 0.0608647827321	0.99234590886
 0.752634325937	0.758050604581
 -0.926050217949	0.468549635586
 0.32679073003	0.980856298826
 0.309100555197	0.973465645982
 -1.0872539331	0.0475540421793
 -0.288879804208	0.994265247514
 1.02088309965	0.043946465114
 0.338703657618	1.04131224528
 0.90900700048	0.45150929492
 0.132410082292	1.04642162422
 -0.0581539746707	1.05208205596
 0.665269092097	0.789592191557
 0.942281294718	0.076394912025
 -0.173043395443	0.963764096612
 0.794362802057	0.698700108379
 0.558709790205	0.902951435309
 -0.0829767361469	0.96074890585
 -1.01659632301	0.0576554696575
 -0.894684912511	0.624597477153
 -0.137200763598	0.896731425937
 -0.915501278532	0.368794836419
 -0.91036230966	0.158248904789
 -0.761031577741	0.55183742982
 -0.40890811237	0.826830260892
 0.630301838142	0.732117198751
 0.461747346635	0.967554686511
 0.949321712523	0.275954068063
 0.388842605833	0.818137152012
 0.601799770201	0.836040898241
 0.408543945528	0.933012884406
 0.361081618202	0.848276539363
 0.819183978191	0.488778448306
 -0.967274416526	0.342131928032
 0.894896180346	0.566324520097
 -1.05184317221	0.0517260600835
 0.848548516728	0.3272037374
 0.448691271432	0.910400823633
 0.252775525261	1.02556713442
 -0.934628953538	0.115613185558
 -0.963676559052	0.433094747831
 -0.201023217429	0.972500277322
 0.661408903572	0.867549059782
 0.90584301267	0.124111531991
 1.04435788753	0.263859553438
 1.04665866917	0.235945840325
 0.23862577286	0.88609344146
 -0.976875991881	0.450120729229
 -0.149804625919	0.961135276547
 -0.480094123343	0.960202000094
 1.00175540848	0.335057135403
 0.473498699706	0.766755455919
 0.918641620935	0.529189813262
 0.217141375066	0.97138047
 -0.883913247342	0.286016118657
 -0.0815165997654	0.976351649393
 0.2113038396	1.03579575505
 0.0146125323686	1.07160726104
 -0.856828656824	0.482150340683
 -0.892712299577	0.511677989922
 0.783205203672	0.631543708477
 0.715820530303	0.724181599333
 0.809919932193	0.402783029856
 -0.836411855461	0.5067165683
 0.32018475892	0.913811682616
 -0.905239142574	0.309909949041
 0.859928622544	0.343975692111
 -0.0121226135907	0.922494811025
 0.492588257601	0.877052401718
 1.00006312829	0.181297355437
 0.114558280583	0.945442397008
 0.774839896057	0.700213873535
 1.0643075716	0.201230749773
 0.758501019038	0.717016429505
 -0.891785029084	0.473501904716
 -0.592708702574	0.738841423265
 0.852004481504	0.647485800538
 0.838943755996	0.438813091778
 1.06410869557	0.211674136771
 -0.43831684022	0.839739886198
 -0.481305641826	0.837295042495
 0.191778871617	1.01194297528
 0.857469689259	0.501412822607
 -0.124765260478	1.02020175442
 -0.522207407657	0.780880233706
 1.05206652037	0.0279487052399
 0.208998601687	0.974168533269
 -0.499132594539	0.815515417661
 -0.783300922777	0.620345010738
 0.614808970367	0.738063845724
 -0.926773187586	0.526456114158
 0.648222828946	0.642493748743
 -0.734300445024	0.57996537933
 -0.127367618386	1.09100829667
 0.377798728091	0.843547504701
 0.965136828676	0.118271907569
 -0.327231539479	1.04479716661
 0.422584628194	0.986626296823
 0.636215020872	0.682893980256
 -0.386028233055	0.838215883365
 0.947357201941	0.432228823995
 -0.964424916385	0.329268053387
 -0.933018844778	0.115233738176
 -0.822069896545	0.54266333604
 0.534286346036	0.797203598701
 0.807852244182	0.648892985397
 0.753809747143	0.74036840557
 0.222476867107	0.875395805939
 0.522388803183	0.772646244135
 0.0136250096355	1.04289497086
 0.569628811241	0.798586024537
 -0.720771489224	0.663858819954
 0.977010208688	0.215093972142
 0.650132598679	0.696336815019
 -0.892497861348	0.31087906015
 -0.871950681178	0.557993921927
 -0.580768239493	0.833556342496
 -0.879325620629	0.4454209236
 -0.212054465044	0.998382950878
 -0.186787814996	0.881967625905
 0.639857337703	0.755711577117
 -0.199323626775	1.03862829458
 -0.73693515765	0.599104833101
 -0.44142986112	0.964344644623
 -0.597517931626	0.690204602731
 0.918662191351	0.576488405401
 -0.943817611139	0.265493973418
 -0.508856569042	0.762817110975
 0.165920696226	0.894965121083
 0.869079727409	0.352345425923
 0.939172961003	0.00765169892885
 -0.659802238626	0.781707083696
 0.572231812588	0.911654849229
 0.0778072584038	0.979778056756
 0.903612903961	0.600464399672
 -0.859836725759	0.450865762521
 -0.939429957361	0.501480457034
 -0.78070188465	0.593234800308
 -0.549469832328	0.793985075743
 0.119943887959	0.894419543217
 -1.03363305344	0.162002982651
 0.515466534314	0.812070703504
 -0.727224144071	0.59602587008
 -0.580788325545	0.72643922766
 -1.032573159	0.162299034362
 -0.034011251785	1.00879166173
 0.031853854856	1.01453394046
 0.280460968218	0.922433330488
 0.223870120607	0.883289371988
 0.434581440861	0.867146613541
 -0.555643121863	0.881763777976
 0.87530660121	0.341428512463
 0.939419177325	0.347508406947
 0.265258111019	0.975605693814
 0.573336103709	0.795704924969
 -0.389593810592	0.878383079935
 0.937926747523	0.401702941621
 0.0735834844941	1.06679617884
 0.94339175923	0.269099200042
 -0.181292864155	0.925126092502
 0.998425639347	0.326635185447
 0.938457255434	0.304431223005
 -0.96481235078	0.513688821909
 0.993105611345	0.329960550039
 -0.617699622512	0.671277981656
 0.355872795517	1.03917189073
 0.595207014501	0.769090460219
 0.57256495661	0.860516374143
 -0.940564953225	0.393316056219
 0.0253811074165	0.99725089179
 1.03151230642	0.375279724914
 0.865289329847	0.412447133051
 0.146029228176	0.912046625976
 -0.805431768585	0.723522054715
 1.01867016136	0.0460959056187
 -0.871820568945	0.237512583982
 0.96741113242	0.0219063526212
 -0.143648117066	0.959963527472
 -0.993160095139	0.299719942787
 0.905844174022	0.0291862790772
 0.127219844432	0.929527414712
 0.846537707899	0.494614867454
 0.199044867528	1.03988057331
 -1.0348554145	0.142161006034
 -0.361984645632	0.972686289219
 -0.705057257759	0.704331368978
 -0.646632915263	0.857411326454
 -0.00950844763522	0.957774738956
 -0.230834615202	1.06656122256
 -0.214357934754	0.921408607667
 1.04004631291	0.0127574611966
 0.908781366763	0.334786865888
 -1.06483885436	0.040024969542
 0.619288088852	0.682362317983
 1.05660503634	0.0866777726678
 -0.947849186056	0.0751323945929
 0.294312251685	0.965914965696
 0.455876281317	0.959075970145
 0.963135939259	0.20708158785
 0.935512027075	0.125384693319
 0.0146494585738	0.91990813662
 0.580571291323	0.791360735169
 0.487859896191	0.966252464673
 0.152112713847	1.02671606576
 0.997228763799	0.411398500284
 -1.08021854815	0.0659144100805
 -0.975104446976	0.198614932422
 -0.992956544641	0.422234928702
 0.918750106453	0.144045246623
 -0.954377665787	0.524035292865
 -1.09602605064	0.0885476183318
 -0.586389968762	0.69243050636
 0.419365083924	0.956791072488
 -0.0279320879328	1.09164967557
 0.0129061837988	0.909204510288
 0.00564200560261	1.01397484412
 0.697871436933	0.669034214928
 -0.633432415964	0.71632932331
 -0.0998436755057	1.00663023818
 0.850747492616	0.627190653444
 0.89536316242	0.1952847605
 0.973448334398	0.444241039561
 0.611004429655	0.80561203728
 0.421528560623	0.799809210158
 0.807248807568	0.46757029733
 0.893100213316	0.503299002137
 -0.415519018934	0.968953607883
 -0.403109941666	0.962006568861
 0.908936482664	0.519516955725
 0.18739036909	0.956517056066
 -0.942161220907	0.0195762425637
 -0.298939066096	1.01597134119
 -0.27065791023	0.911276423253
 0.161091038255	0.90659485921
 -0.748402699352	0.758958196601
 -0.285940592177	0.931818763436
 -0.393412123517	0.887178399368
 0.508917528685	0.851140286371
 -0.543352790583	0.72179660674
 -0.842072591223	0.437678880009
 -0.781940987545	0.634414219885
 -0.0672438151171	0.979246768429
 -0.612732378478	0.72532516357
 0.22128189503	0.982518792913
 -0.843675690349	0.531264566726
 -0.190231759165	0.914364447683
 -0.986608762712	0.0402590596806
 0.991186546074	0.317358082769
 0.924768705443	0.281541037599
 0.929262235726	0.51527666294
 -0.785254806682	0.61605068697
 -1.02115429858	0.0356415708302
 -1.09280765802	0.0390721512863
 -1.06687444537	0.205814171646
 0.280518429438	0.996175241928
 0.681235695535	0.80055349466
 0.0755217915586	1.0119719259
 -0.0473506430541	0.910973533272
 0.213374366914	0.881270754915
 0.42112971302	0.972928057112
 -0.0544209223993	0.987524353609
 -0.319157538046	1.04805738123
 0.694123599983	0.692272167008
 1.08599260553	0.048838559079
 0.445809895651	0.964914089072
 -0.0545021532096	0.951894323122
 -0.873758769619	0.276509185646
 -0.663884764832	0.774958792258
 -1.01182486498	0.341318503187
 -0.82615451104	0.508766388772
 0.80037323738	0.694650940008
 -0.276792870404	1.01141816148
 -0.918197742987	0.47701485881
 -0.379207783258	0.846026492083
 0.342060143941	0.979487352747
 -1.02889493828	0.342127588769
 0.0866893546149	1.00857057693
 -0.922298349707	0.308793651871
 0.934882360088	0.555410923715
 0.977800042726	0.19333463083
 0.808733381364	0.461083332475
 -0.901419340335	0.400252578184
 0.903495944827	0.29903406335
 0.91891937155	0.588934088401
 0.920563160891	0.523199158728
 -0.152758817011	1.08382723058
 -0.487909241732	0.872415615324
 0.248095965926	0.985603620624
 0.436272816512	0.865676806478
 -0.0883786398981	0.941865692891
 1.07993209317	0.0180107045597
 -0.66537086038	0.822799661347
 -0.0904983931696	1.01855762012
 -0.81245311103	0.73882190212
 0.225609552354	1.04618130655
 -0.993632134042	0.240238163547
 0.571698222858	0.907234328796
 0.672520080568	0.748358005472
 -0.935803250484	0.110729884494
 0.307959458805	1.00421685158
 0.725370641254	0.561045939879
 0.931207132807	0.111483126404
 