139
56
192
62
48
119
138
51
107
78
100
150
122
51
32
58
199
129
99
41
54
103
131
31
61
130
160
87
32
109
161
363
57
73
180
52
150
68
124
101
112
110
35
116
112
115
59
74
46
253
98
95
101
36
104
33
187
62
136
36
173
168
133
54
89
96
134
57
246
84
139
127
41
60
74
40
99
113
128
63
289
52
41
285
162
36
143
102
121
200
37
106
81
94
43
202
40
86
74
140
100
152
134
55
80
55
187
132
74
204
74
32
113
108
81
58
33
60
124
32
40
34
38
88
78
109
65
104
135
106
163
134
43
40
124
97
84
83
69
57
210
78
191
186
259
37
37
84
89
228
35
35
148
49
126
65
221
128
170
255
79
40
151
64
100
84
97
39
37
33
107
78
35
62
36
61
99
118
164
52
130
62
74
31
52
36
233
57
123
92
244
102
78
112
113
63
39
114
78
68
34
55
189
156
90
54
109
48
50
189
149
176
95
208
101
55
209
130
133
66
169
49
161
42
68
122
84
112
105
163
258
39
38
121
108
34
102
56
38
101
203
36
43
106
63
43
110
515
52
43
75
212
113
27
41
76
30
116
73
87
170
114
158
55
40
59
79
94
69
76
102
117
151
73
143
96
178
35
146
166
117
106
111
327
43
79
61
45
65
109
82
190
77
172
241
120
123
34
343
62
78
40
60
32
151
80
96
123
59
160
36
72
71
183
61
94
31
173
153
36
122
40
124
64
87
30
35
154
72
33
79
41
91
155
71
299
67
96
42
57
62
240
80
81
118
216
73
109
216
132
305
57
66
97
193
38
64
110
87
109
31
98
99
34
37
59
274
107
35
93
117
53
83
32
62
26
46
33
18
31
147
33
48
131
97
135
29
66
71
82
66
126
30
37
35
77
99
43
155
32
40
80
34
40
95
69
69
41
69
85
111
35
127
124
38
41
33
110
33
241
62
172
88
68
247
91
117
167
114
71
205
98
117
31
238
256
35
44
73
37
36
148
37
125
214
188
47
103
143
49
110
201
102
34
32
88
156
35
89
119
36
189
77
107
176
107
153
83
45
54
75
78
230
26
86
36
35
73
91
201
83
40
37
33
77
63
54
40
77
129
77
98
126
166
33
112
37
127
163
37
60
42
67
89
42
133
170
82
118
122
144
371
38
36
76
80
144
32
34
34
52
29
153
53
60
88
97
39
60
83
81
32
42
123
193
35
103
46
99
83
102
205
121
35
116
139
35
37
37
110
93
82
45
125
35
40
43
38
61
85
177
112
59
91
119
93
32
161
72
38
102
76
177
96
72
37
40
136
126
143
133
115
135
153
107
90
213
39
41
35
43
82
90
89
154
40
48
34
100
72
105
116
28
69
124
80
72
50
41
32
45
32
37
144
68
233
77
35
76
40
158
49
30
87
37
147
124
110
161
31
123
53
87
88
199
48
66
94
38
28
38
226
153
34
32
79
37
103
34
138
38
129
64
32
122
33
152
32
171
152
38
110
67
151
27
31
48
101
92
47
39
35
231
41
92
197
102
43
27
83
214
149
35
35
123
75
109
129
115
137
93
54
33
163
40
50
49
178
112
44
129
30
43
75
126
70
98
123
34
68
71
87
43
75
127
39
61
72
96
132
36
111
44
112
189
202
251
114
48
44
31
124
27
34
39
117
118
110
88
175
103
216
139
37
119
53
205
143
225
115
98
36
43
37
84
105
89
118
107
145
34
51
205
104
100
37
34
148
44
40
96
93
97
133
42
210
172
38
182
95
112
36
45
57
54
40
17
82
114
34
32
41
93
97
98
120
134
87
104
48
51
36
32
185
105
150
82
80
66
117
42
44
118
34
39
50
35
36
38
128
31
44
120
41
91
79
38
109
225
82
41
60
112
67
76
36
45
67
152
136
32
43
68
104
48
31
80
107
73
151
25
44
95
85
106
60
67
33
99
71
37
178
32
63
57
36
52
35
37
34
45
39
112
104
92
67
67
71
48
84
76
29
35
64
33
81
80
67
39
105
41
69
48
126
59
115
129
38
50
61
37
122
36
28
22
35
112
38
127
29
116
80
43
91
36
33
34
107
33
61
26
93
97
123
28
221
35
47
122
133
34
26
211
159
76
89
34
123
43
290
58
35
63
135
149
30
37
29
100
48
242
38
87
81
147
93
105
55
31
38
63
36
33
124
69
104
73
34
37
79
36
34
149
51
131
25
36
173
117
153
36
153
71
43
168
163
188
30
110
143
455
49
158
73
39
149
85
128
56
64
184
43
118
125
30
198
197
64
102
73
166
43
67
35
97
113
81
97
184
109
137
32
109
140
124
66
116
43
146
38
46
194
73
94
105
85
131
45
31
71
135
237
38
40
31
35
43
70
84
90
41
97
158
32
81
133
150
189
76
69
18
123
49
61
84
58
77
124
88
112
108
145
39
262
40
35
112
91
90
44
38
83
87
144
251
110
34
64
132
46
154
42
206
140
154
80
72
52
42
110
33
168
48
100
85
85
47
247
94
112
58
34
82
116
33
80
61
132
86
111
38
213
75
260
87
34
34
147
41
88
64
188
40
41
194
31
153
76
184
38
141
53
111
109
153
33
31
96
69
179
43
34
37
34
32
217
137
42
166
210
43
47
163
61
88
137
57
162
109
98
29
139
33
36
59
84
185
138
73
36
150
174
111
63
29
71
47
198
57
41
65
75
47
30
82
121
120
76
170
114
158
64
202
95
38
51
45
80
39
33
42
117
105
143
208
86
110
199
154
239
38
131
97
33
57
32
104
30
67
134
74
115
82
147
43
47
138
39
43
29
84
72
183
64
38
21
95
29
94
38
92
48
139
91
122
151
58
94
170
176
58
110
129
43
59
110
48
143
210
66
45
96
65
451
33
88
74
31
150
113
68
94
67
68
136
174
57
132
122
42
41
102
120
117
106
67
184
45
43
42
71
123
93
102
85
130
69
35
114
70
42
46
110
64
134
31
35
81
147
43
162
73
44
33
40
39
221
102
30
75
185
112
60
93
148
32
40
133
104
142
158
60
109
152
39
187
131
33
86
185
39
238
159
95
118
37
38
58
204
127
59
110
41
115
86
119
258
126
35
95
88
58
232
70
76
58
233
84
89
94
50
85
57
110
70
143
46
34
88
78
35
81
133
178
84
180
273
131
231
107
38
39
187
136
69
69
85
38
74
115
121
99
64
64
57
56
59
87
127
222
181
58
36
116
51
83
36
268
31
42
49
99
74
140
36
91
87
116
69
93
99
48
51
71
112
91
47
35
43
90
143
141
258
119
63
79
77
89
39
121
62
94
140
185
125
140
83
38
74
66
87
152
44
132
110
37
71
63
101
63
322
68
36
110
65
160
37
97
39
130
137
85
137
74
109
102
153
40
104
123
109
167
41
57
59
147
45
105
191
98
99
106
83
288
116
48
166
38
166
139
76
73
145
121
119
131
69
71
85
124
78
93
65
56
129
39
35
110
172
72
98
191
69
112
88
104
34
89
91
96
122
40
75
124
81
140
97
64
124
68
114
108
176
73
119
62
241
155
118
96
66
42
177
33
67
71
32
177
84
43
33
69
120
86
125
75
192
41
80
156
72
120
194
85
44
206
155
63
63
193
33
191
83
125
104
97
199
40
69
108
41
82
146
79
39
128
91
69
116
42
94
113
59
278
98
36
109
102
136
57
51
55
126
63
109
81
39
40
63
260
64
52
44
111
99
170
266
58
202
70
258
115
239
168
44
123
71
36
185
103
152
100
84
141
143
119
77
186
156
185
98
38
257
160
46
77
137
159
109
103
91
171
51
208
86
75
193
190
172
63
82
206
122
76
129
129
102
128
41
103
84
99
52
57
58
44
83
63
37
94
84
143
41
132
39
54
64
40
81
123
196
145
66
51
99
40
99
184
69
180
88
54
53
221
152
122
52
200
54
43
42
75
192
55
56
54
39
77
161
54
288
130
55
134
44
57
44
55
110
44
120
92
153
224
133
63
183
105
108
44
201
74
53
55
49
78
51
113
65
35
95
103
81
257
140
117
40
77
41
164
54
146
68
33
67
41
166
117
37
122
111
109
95
69
64
43
62
88
131
36
111
87
106
74
109
101
167
97
50
125
47
78
50
125
38
90
38
128
141
204
64
62
157
60
154
57
231
65
330
97
121
159
242
42
45
56
268
69
132
67
142
41
132
81
181
190
114
72
36
234
162
111
65
32
175
30
59
150
127
63
127
125
141
139
52
117
54
59
179
34
199
80
280
213
42
116
136
110
80
37
43
270
58
85
120
275
128
118
55
190
103
64
72
92
159
78
87
103
26
166
28
33
116
49
113
155
63
51
189
267
61
113
45
52
114
38
244
87
133
47
150
49
143
205
124
154
139
72
107
75
147
83
180
197
272
86
78
565
41
100
73
84
46
116
102
33
134
56
207
95
135
58
53
39
180
64
115
51
219
123
90
37
51
200
104
48
102
160
41
82
115
50
132
77
131
95
105
98
40
101
108
213
96
153
102
53
128
45
30
34
90
108
72
216
104
69
55
189
108
53
37
125
58
52
87
154
81
31
71
69
174
96
131
129
109
65
188
51
115
130
77
101
219
91
50
206
49
35
115
117
43
277
157
87
30
48
31
176
121
36
41
48
144
33
133
95
119
163
128
64
53
73
47
187
67
49
216
107
35
172
69
48
112
89
189
102
167
78
233
115
75
105
60
39
36
213
42
81
63
57
128
38
106
34
58
184
74
119
30
176
156
124
52
115
85
226
61
164
116
130
34
58
54
68
53
90
53
75
248
87
75
39
199
143
94
102
105
108
86
78
365
134
56
117
138
64
95
112
125
34
180
85
101
92
99
234
64
82
84
38
170
93
45
72
96
33
74
82
55
82
73
46
158
138
89
49
35
119
57
58
102
120
279
140
59
66
210
47
152
50
83
97
108
74
137
74
56
147
81
39
48
191
88
213
53
49
84
39
41
77
207
200
52
111
59
46
30
68
71
116
54
101
187
109
142
66
239
120
80
72
49
94
124
49
195
120
46
46
51
96
36
82
82
87
116
172
76
31
50
57
156
89
128
104
207
64
195
80
203
59
77
63
106
36
144
84
90
58
121
63
48
55
95
55
195
118
68
118
210
120
88
204
52
66
44
47
35
44
37
50
77
127
35
154
40
87
108
50
39
49
103
37
35
50
37
168
85
173
144
83
90
66
134
32
36
107
82
72
32
28
48
42
30
43
34
64
124
64
53
81
208
47
113
141
123
52
36
78
99
111
71
55
34
49
146
58
200
107
108
84
123
63
148
34
96
167
77
76
47
83
64
34
35
106
123
60
156
73
59
87
39
51
129
95
85
80
81
40
69
99
136
44
104
42
39
151
74
74
151
47
255
55
64
36
117
124
110
46
54
32
37
44
52
34
87
46
58
47
37
119
91
63
99
75
94
50
136
68
146
97
117
49
164
264
118
93
119
79
156
55
102
110
49
169
95
115
154
40
128
158
48
81
116
32
34
248
46
41
242
110
74
49
222
123
31
105
214
252
96
111
111
91
31
50
310
35
98
53
59
49
151
40
136
116
45
67
219
118
117
53
33
207
169
81
34
72
33
39
51
52
38
57
40
124
33
79
108
111
42
48
49
103
55
35
44
99
148
50
42
125
233
122
35
115
91
171
59
168
39
101
35
89
162
63
254
81
43
35
70
45
32
74
51
82
67
52
92
34
60
99
33
104
54
241
107
97
7
50
30
168
40
31
81
29
101
29
103
72
104
75
78
84
44
116
111
48
43
65
56
56
76
84
46
268
68
45
54
58
33
102
137
62
176
122
169
95
89
116
47
119
35
46
98
44
111
52
122
106
73
74
66
88
62
160
48
98
165
50
79
64
28
123
46
31
104
65
42
40
127
31
31
42
64
120
45
49
58
75
48
42
127
68
101
62
53
189
157
41
153
222
47
117
30
56
89
133
41
57
97
110
77
48
62
94
155
45
45
86
92
76
98
36
176
34
61
113
75
163
35
43
72
40
38
178
166
62
48
117
63
75
72
84
41
132
148
46
59
51
42
49
126
49
82
176
157
42
206
70
49
76
42
107
61
76
117
42
234
48
133
47
125
32
165
31
47
234
168
33
121
122
73
92
57
45
49
97
59
36
41
58
105
46
95
42
136
39
34
31
97
43
106
60
45
54
33
46
44
115
56
103
49
115
39
122
33
51
179
73
41
33
42
90
109
170
137
195
32
47
48
117
78
122
38
41
120
114
46
195
47
109
63
75
44
316
61
43
108
36
47
36
76
59
80
93
58
49
50
88
58
40
48
45
31
122
43
43
59
62
54
184
46
52
138
46
57
33
94
32
41
143
87
41
165
55
230
62
65
71
54
31
50
116
66
252
96
47
110
38
76
113
134
306
61
52
128
45
178
46
29
44
148
38
104
40
31
38
71
115
42
37
265
98
30
60
42
55
51
112
105
50
160
30
60
192
45
170
74
48
43
139
59
97
114
64
41
49
189
51
40
80
70
47
98
32
80
125
47
49
275
171
110
174
159
123
55
55
136
40
50
28
78
42
128
46
124
137
179
44
171
48
134
43
39
74
40
108
44
102
67
227
118
39
67
49
44
39
53
42
197
109
149
66
38
130
43
104
39
180
62
134
103
51
41
77
93
60
136
193
58
44
59
123
57
200
36
86
53
43
117
84
38
44
99
100
36
383
71
68
45
72
42
82
46
38
41
59
57
72
193
63
41
82
40
109
54
38
124
84
101
54
164
39
38
146
71
211
80
56
82
61
39
98
40
204
41
278
52
29
91
57
26
159
50
28
52
35
58
126
50
39
51
82
71
45
72
97
246
138
51
69
61
189
54
125
78
39
47
36
112
75
64
43
43
89
72
105
179
100
119
45
136
46
49
120
84
48
51
134
66
107
84
49
173
55
44
102
104
88
47
464
31
41
109
63
201
107
29
54
47
36
130
48
35
117
80
194
39
88
79
70
39
42
110
152
60
67
46
51
30
52
105
132
60
51
74
126
38
108
43
38
117
43
87
45
57
41
39
41
69
82
126
212
55
45
113
124
157
38
55
194
38
66
85
49
34
36
85
58
63
94
44
52
211
61
194
88
49
247
83
86
34
52
72
79
30
128
233
153
42
48
68
214
36
87
89
92
41
37
51
69
278
49
89
52
109
135
40
36
121
111
53
100
28
155
80
202
66
46
115
56
45
128
45
64
44
168
146
48
100
42
40
48
102
134
114
131
127
33
38
40
129
88
100
34
199
106
35
116
112
41
120
117
39
93
60
87
105
93
213
39
40
53
28
61
98
120
81
62
54
38
248
91
163
44
146
164
39
77
81
27
128
111
133
58
40
161
56
109
74
73
185
129
130
113
106
41
39
28
194
82
141
75
49
122
38
158
47
186
37
209
35
49
79
192
67
124
37
121
58
72
79
37
42
37
51
38
97
49
121
134
53
111
52
44
62
132
297
89
48
31
33
192
75
45
37
71
111
57
105
118
207
42
61
35
49
36
52
131
175
67
126
91
51
46
37
43
39
69
116
95
57
126
91
36
57
78
30
42
41
38
105
40
74
39
48
41
40
95
38
190
46
31
51
124
36
106
266
38
77
115
58
191
91
28
57
37
46
39
47
38
115
39
120
36
72
45
52
59
92
45
130
37
61
82
93
66
200
43
38
80
106
107
36
56
36
45
92
105
113
37
114
75
103
63
43
36
76
48
40
110
61
108
39
41
113
40
48
32
190
297
85
49
32
146
39
33
46
134
48
100
88
48
45
176
51
34
68
35
278
81
53
36
86
83
47
55
141
51
73
107
43
35
44
59
164
38
62
53
52
110
120
39
38
60
117
59
53
70
75
41
64
43
137
60
61
106
93
85
60
40
48
115
69
54
108
49
49
59
63
31
26
32
39
32
43
43
65
29
130
34
75
81
72
48
36
35
248
124
58
50
88
65
94
98
69
198
92
64
134
97
30
94
40
40
41
116
79
119
50
114
229
39
41
63
57
45
110
109
127
37
45
105
42
128
37
73
75
146
43
80
35
52
177
106
96
32
26
43
35
128
34
84
158
49
95
38
58
349
39
64
35
93
47
75
53
93
74
35
39
64
49
63
46
43
142
48
134
29
100
35
57
42
48
45
49
56
44
36
37
37
120
36
152
44
42
150
38
75
54
29
257
71
85
107
33
33
185
34
68
39
114
42
85
91
34
118
98
98
38
45
93
43
34
36
106
43
68
39
129
48
26
44
58
42
82
44
37
113
45
98
116
43
49
39
40
43
38
96
41
77
39
133
61
50
102
82
57
178
36
127
113
101
36
202
115
36
52
41
31
33
33
42
34
80
59
78
46
117
42
26
35
117
42
192
110
46
232
110
57
128
37
185
51
36
39
53
74
46
37
45
40
39
108
103
108
113
104
100
34
44
154
41
101
93
64
37
67
37
83
108
114
118
235
73
116
79
157
72
197
90
104
37
163
43
35
103
35
84
39
140
34
49
83
74
130
113
164
172
60
64
39
84
52
71
57
61
58
46
45
92
53
41
63
46
28
35
67
104
64
122
112
46
35
30
98
30
35
36
35
47
68
46
53
70
131
36
40
88
47
108
64
27
39
29
157
204
62
38
30
32
177
35
89
32
36
40
122
33
53
92
112
148
133
246
93
52
26
40
117
62
155
68
42
59
94
37
135
62
178
56
145
43
82
40
115
37
101
67
97
152
55
72
44
86
38
42
45
41
59
78
39
122
130
51
133
119
149
65
178
36
54
30
72
31
30
41
52
97
34
176
34
42
168
41
44
55
210
141
38
101
62
58
196
33
175
50
101
44
207
39
95
97
108
196
70
128
71
216
36
89
53
48
41
35
43
39
36
94
57
158
33
88
75
90
34
192
28
174
41
82
43
40
30
168
97
43
41
35
83
87
74
32
34
91
37
53
39
89
96
52
73
34
35
49
53
43
120
66
46
95
36
70
39
70
37
135
86
88
28
119
57
117
48
109
42
36
71
46
138
39
48
37
36
133
94
45
120
55
87
127
41
35
86
31
309
36
37
72
59
34
135
104
34
38
32
58
135
46
105
65
54
111
39
430
33
47
38
35
53
156
78
78
51
43
185
131
41
50
54
58
100
37
104
34
38
87
85
99
113
50
109
176
60
103
42
111
72
143
44
48
135
44
111
53
215
42
45
101
72
52
36
142
186
74
42
32
84
181
124
44
36
44
55
121
65
38
32
111
40
36
36
34
87
161
55
33
83
48
53
84
92
39
44
33
62
42
34
49
117
59
100
53
94
68
93
79
29
70
58
79
163
35
37
41
36
40
43
37
50
83
120
47
67
45
46
120
79
55
114
37
145
36
64
96
34
57
42
25
80
33
90
26
116
43
101
89
102
102
47
52
47
144
64
33
50
145
60
84
35
35
44
42
34
46
58
156
61
41
34
58
89
91
49
47
43
113
42
93
103
34
60
35
142
38
40
102
95
97
44
37
142
30
48
51
42
161
81
36
101
43
34
33
82
79
26
50
55
115
73
35
32
49
103
27
57
67
254
33
45
32
45
74
67
112
83
207
125
66
144
91
163
66
128
36
89
34
107
42
38
455
32
108
81
50
48
109
58
43
94
104
122
43
229
50
39
44
60
44
144
34
91
113
31
38
45
118
37
71
106
31
42
203
102
155
410
43
31
141
135
42
76
53
42
154
51
126
102
36
131
37
48
50
74
35
435
34
50
27
104
32
146
38
33
80
119
66
49
37
53
36
205
33
60
181
43
76
56
28
39
36
82
32
107
49
99
59
67
33
76
40
39
39
38
97
50
36
124
91
129
48
186
142
38
40
108
31
38
147
214
137
119
114
84
298
39
47
89
42
69
55
153
99
67
38
203
48
33
39
35
43
40
133
179
50
42
92
71
31
40
30
48
30
44
34
110
31
31
40
90
68
120
129
140
108
73
32
54
36
44
91
47
188
93
80
31
48
48
40
70
38
110
41
116
169
83
223
30
75
93
44
78
37
35
34
49
90
111
43
176
53
43
136
81
38
36
193
106
35
55
91
91
28
32
30
52
39
37
57
115
32
81
84
81
48
47
65
69
51
54
46
37
48
54
59
47
37
57
74
62
38
41
65
34
165
75
77
51
36
153
61
81
183
39
42
97
119
32
34
102
36
46
102
102
62
40
216
57
102
56
35
43
126
38
54
20
43
31
179
122
113
31
80
46
97
79
99
55
90
185
30
39
235
41
75
37
35
134
179
32
42
149
60
168
51
204
36
150
61
39
114
77
41
33
46
46
50
119
44
31
38
32
39
169
36
36
84
45
39
101
111
179
58
124
37
62
35
73
28
39
79
39
92
51
41
109
58
29
39
116
205
109
124
75
62
35
102
46
37
78
168
36
41
68
122
64
140
68
117
41
118
71
101
119
166
57
96
65
46
61
80
66
56
34
40
39
46
76
120
71
98
201
47
90
39
48
42
294
45
73
58
56
30
39
45
32
83
46
110
34
129
31
78
90
38
40
82
214
90
32
33
121
48
104
138
96
51
192
80
51
62
59
41
120
31
93
38
124
32
100
49
31
281
39
74
92
130
36
167
36
38
35
88
142
42
123
36
97
58
46
70
39
207
177
47
78
35
36
28
51
78
104
42
52
47
111
43
102
146
137
70
41
48
244
105
33
50
60
88
49
49
107
58
42
85
47
45
55
44
63
41
150
59
42
112
78
121
39
76
115
119
40
35
31
143
42
43
123
76
120
49
103
33
98
72
38
31
158
38
76
26
33
44
27
154
96
131
32
82
38
94
54
45
34
44
68
50
41
227
34
54
42
111
34
178
52
74
31
31
53
38
48
47
148
43
49
38
35
30
108
34
53
282
63
35
117
152
31
48
87
37
40
86
90
88
131
30
57
121
76
39
38
37
120
162
34
65
113
35
43
32
47
42
39
31
38
48
130
44
74
112
83
46
45
134
135
43
69
43
31
58
110
132
77
67
151
42
48
42
57
30
47
38
81
167
61
81
125
48
159
67
51
52
97
103
36
104
42
68
33
48
68
97
79
214
227
44
42
73
186
33
123
181
37
51
115
29
33
40
100
69
43
36
43
36
139
33
94
78
33
65
66
31
68
234
98
61
47
42
98
48
67
107
53
113
40
48
37
59
44
204
52
49
59
67
34
114
175
71
161
40
46
36
66
149
32
38
57
44
99
64
105
41
145
39
99
41
65
31
182
38
38
115
54
33
37
109
126
36
101
29
131
32
43
100
46
41
39
50
137
94
37
36
51
148
54
57
55
32
177
39
80
39
33
204
50
40
39
119
31
43
34
136
65
99
80
97
76
51
144
71
30
109
99
112
29
47
203
94
155
29
70
50
133
39
50
13
41
36
50
39
31
38
122
31
117
30
37
117
34
31
48
197
112
33
62
62
112
69
48
68
42
51
59
176
97
78
300
44
202
107
73
131
76
88
182
35
30
38
96
33
56
38
52
108
102
150
55
119
75
121
195
30
41
52
43
79
42
74
28
155
129
33
35
143
58
96
80
65
104
64
122
240
43
37
132
114
125
167
244
56
34
49
41
203
29
147
50
45
85
102
158
86
332
31
72
65
47
36
165
31
31
193
92
68
47
38
116
126
179
43
308
47
41
122
27
30
164
99
34
33
35
39
135
37
34
107
51
105
78
156
242
109
37
47
94
123
32
81
227
95
37
38
72
103
41
121
84
90
40
107
35
38
371
33
57
66
76
45
57
37
35
89
42
39
82
206
116
94
187
34
108
185
75
35
136
35
32
50
40
41
30
43
133
83
108
170
130
176
96
529
73
150
112
96
38
31
42
107
38
31
80
210
37
39
37
90
89
93
156
34
85
209
99
84
29
35
49
34
28
39
126
39
36
51
39
159
39
34
45
307
153
107
137
26
117
37
28
78
46
74
59
78
48
36
39
91
59
71
37
44
87
56
31
42
33
64
42
69
63
52
59
36
47
55
39
44
60
115
34
153
83
97
128
72
128
65
177
39
33
65
107
50
37
144
33
43
129
65
157
68
39
33
130
57
38
42
80
44
85
31
31
177
117
96
34
41
75
106
41
28
76
97
118
55
41
40
40
49
32
47
103
43
52
37
60
45
49
45
64
29
43
38
127
42
177
36
106
33
100
31
128
77
169
39
52
130
38
47
35
37
89
31
45
153
108
183
243
40
53
74
34
33
56
324
75
61
58
34
161
42
35
96
46
122
63
97
37
110
38
39
179
119
84
43
106
78
46
45
43
49
108
118
43
157
141
77
148
57
205
37
80
35
91
35
93
42
30
56
89
84
86
29
67
39
135
50
47
50
43
146
38
208
52
108
56
35
468
30
57
104
47
34
35
43
41
37
32
36
138
31
79
34
71
89
49
97
123
60
59
31
100
46
62
72
141
53
167
128
61
132
49
138
35
98
38
44
48
124
94
138
51
106
56
120
60
48
71
42
161
55
95
81
58
120
43
178
269
90
56
30
69
111
35
66
42
72
56
33
50
32
37
45
54
34
131
32
67
61
41
140
44
61
254
105
48
33
60
63
44
110
64
42
38
32
149
62
45
84
42
47
93
37
65
51
30
60
94
33
133
29
96
45
41
32
68
30
75
113
63
122
50
130
80
144
62
100
111
53
47
110
70
29
134
41
42
118
33
61
34
211
116
35
76
78
177
120
49
50
43
142
137
78
210
91
55
31
120
82
45
148
86
89
88
37
173
49
207
48
38
132
143
45
59
38
84
147
36
46
84
64
42
99
87
43
63
69
115
36
64
28
44
36
32
36
40
38
32
44
41
124
32
77
85
89
35
38
96
36
46
30
52
136
148
84
39
56
223
107
43
34
58
29
137
38
43
38
68
112
100
110
128
66
95
63
39
90
56
45
48
42
43
63
39
110
83
123
39
34
236
89
32
57
209
71
63
40
49
158
29
78
98
46
38
30
117
37
99
114
71
50
97
54
224
30
34
55
52
48
37
40
36
42
31
37
45
37
52
50
173
39
78
36
57
105
118
31
42
41
122
86
126
42
112
34
36
141
42
103
74
59
162
261
49
39
38
222
37
227
31
33
103
59
40
83
84
35
48
33
39
34
138
29
57
107
50
110
53
73
36
38
33
42
117
70
39
70
80
49
195
157
29
31
47
75
151
55
49
49
37
106
109
66
39
33
88
50
37
88
42
140
37
45
33
45
211
72
92
237
34
74
85
88
37
41
127
37
50
36
88
31
38
32
65
42
58
37
124
31
78
101
83
37
47
99
88
40
55
35
91
73
62
54
40
33
153
100
48
45
51
54
143
53
32
128
37
113
46
84
152
34
195
77
71
123
43
41
72
44
77
39
45
57
94
102
97
40
120
66
56
43
172
48
51
60
35
44
41
123
137
31
63
112
53
57
40
91
34
176
137
228
58
43
133
42
45
110
49
54
29
42
67
32
139
73
158
122
101
52
113
30
98
55
36
38
82
76
43
73
31
34
31
56
34
110
38
47
68
83
167
35
34
40
212
193
51
72
55
27
32
29
60
29
97
32
118
35
42
106
108
115
154
135
44
36
81
72
34
104
98
42
39
37
35
138
36
171
34
90
32
37
42
31
115
44
33
44
75
35
138
46
82
36
36
61
45
56
202
85
180
134
30
57
100
95
158
29
153
35
68
49
49
28
178
103
97
49
77
99
70
96
231
42
95
43
189
34
59
164
191
158
60
48
222
138
46
128
31
174
34
69
42
99
157
57
62
44
41
41
43
53
45
43
126
88
93
83
40
149
103
167
56
289
34
79
42
64
32
96
98
40
59
120
38
139
30
83
144
64
199
146
234
103
41
32
75
39
124
102
59
178
44
35
61
35
119
50
46
42
125
36
108
157
26
125
49
77
70
40
61
190
44
86
39
130
125
28
174
36
46
130
41
30
93
27
47
34
42
57
125
38
30
106
108
51
37
42
45
119
77
51
39
125
62
96
61
35
45
83
31
41
55
89
113
37
99
129
43
209
87
79
90
31
48
183
40
50
91
32
92
35
160
43
40
75
113
30
55
237
64
102
276
68
61
27
49
74
27
44
36
42
26
41
110
42
119
43
104
38
69
161
166
34
46
34
107
43
79
110
169
32
104
45
39
34
111
40
43
96
112
44
29
494
102
74
31
87
26
36
36
32
60
107
109
39
34
120
136
26
37
181
84
49
60
26
171
111
125
31
46
127
41
94
180
107
145
60
124
129
75
43
82
52
57
55
226
126
46
179
52
33
158
38
51
151
111
174
41
128
59
57
43
86
39
126
31
73
94
265
49
88
44
96
76
140
30
190
88
71
35
64
30
142
122
104
35
109
46
37
41
95
190
71
201
103
231
45
65
28
107
62
46
62
95
73
147
40
66
100
47
68
60
134
43
61
86
199
73
31
47
168
31
87
63
40
29
33
47
27
68
113
96
79
118
35
136
34
213
70
142
34
72
48
30
32
39
38
36
49
37
52
52
32
70
193
68
33
72
91
356
34
41
44
157
156
49
180
61
49
119
42
124
66
41
46
69
95
91
162
96
100
99
72
402
34
44
44
39
52
29
166
37
45
120
32
63
74
228
35
85
78
63
57
31
52
111
151
96
36
49
35
168
30
34
76
48
128
53
106
188
119
173
189
53
41
56
48
121
72
39
29
45
64
141
46
157
44
39
131
50
55
88
88
40
34
27
41
111
80
114
55
179
56
35
42
47
115
112
33
103
187
44
48
33
39
116
51
61
204
43
39
90
46
29
34
27
38
41
77
108
55
46
30
100
193
73
156
46
60
40
117
67
35
63
66
79
183
130
32
41
226
85
129
84
48
37
104
38
36
65
100
82
87
92
68
70
38
34
41
47
119
34
117
44
245
64
57
36
209
30
42
35
65
193
27
126
41
32
44
28
71
30
123
33
41
150
43
143
126
267
96
29
47
214
33
108
64
202
140
30
73
74
29
114
44
214
117
126
31
43
47
36
60
40
52
38
138
39
37
75
113
62
93
87
48
55
108
57
35
161
185
32
43
113
26
57
174
116
39
33
35
36
41
139
28
70
119
123
86
87
113
83
92
30
40
74
66
63
62
64
36
86
132
77
184
36
172
35
44
99
84
29
178
44
86
107
37
42
35
40
112
31
38
141
34
37
222
67
104
43
34
35
114
84
142
47
166
36
51
206
27
162
95
26
51
128
142
78
44
201
40
177
59
121
174
100
61
52
53
183
92
109
43
184
150
29
44
67
98
37
37
222
80
111
35
45
148
32
42
64
56
47
54
137
35
37
243
48
101
57
33
33
128
71
175
34
36
136
34
37
71
81
37
190
117
31
31
103
46
127
34
72
96
96
209
94
136
225
122
40
44
67
74
38
97
48
168
102
58
44
47
45
43
48
60
35
41
122
110
32
33
53
60
39
113
54
38
73
64
38
43
122
37
142
42
40
38
120
80
117
42
213
43
73
120
47
30
132
33
50
30
58
119
63
93
194
69
43
44
92
95
138
55
34
41
83
188
61
68
109
51
108
75
189
36
65
38
73
31
34
106
145
38
74
270
72
84
36
96
40
94
32
36
68
119
59
65
236
74
51
40
69
97
43
138
160
43
45
34
34
31
32
37
101
51
41
32
46
69
26
35
46
122
96
80
163
44
53
38
73
46
96
33
90
47
28
214
46
41
98
61
52
32
68
139
36
41
53
32
85
47
41
31
244
67
59
40
49
66
40
146
37
43
113
58
93
42
101
32
135
45
86
62
41
42
50
200
34
40
193
27
145
40
37
65
26
100
31
28
63
32
44
92
32
48
416
107
36
27
127
61
43
71
34
36
83
92
38
97
90
58
37
55
88
36
81
45
169
36
57
30
88
88
79
50
39
46
28
185
44
38
123
37
62
54
177
46
111
67
38
33
205
167
33
50
82
31
28
181
118
33
40
123
32
102
48
29
29
35
47
53
41
148
87
46
38
33
122
78
43
77
122
35
40
56
48
39
44
68
72
47
129
51
54
120
55
56
37
40
107
47
99
84
30
58
35
33
29
42
42
42
181
39
36
68
101
206
57
104
117
58
42
105
32
34
50
38
87
144
31
79
114
49
111
160
121
38
147
53
81
32
123
34
181
54
40
37
39
80
201
32
57
75
122
39
111
130
77
29
34
34
234
35
58
38
37
111
81
60
224
74
29
40
141
32
142
62
75
31
57
30
29
106
93
32
41
42
33
133
33
81
72
52
99
37
38
89
130
125
134
65
30
63
33
72
82
118
59
175
63
38
34
42
61
150
42
49
37
63
71
101
79
140
36
67
44
37
45
74
33
87
33
154
38
28
79
96
72
99
215
28
88
79
96
155
64
125
166
56
66
75
28
29
46
40
93
49
66
122
45
36
37
86
48
196
82
359
36
53
41
119
73
46
47
37
267
117
44
142
189
42
170
36
101
122
120
45
57
72
98
45
116
33
41
38
50
189
101
168
229
53
101
48
33
139
35
284
33
38
109
37
213
110
93
40
98
28
109
92
25
54
96
100
57
39
63
273
35
47
119
31
58
76
138
71
205
174
36
137
55
208
36
49
29
67
47
143
110
123
37
63
300
63
92
43
47
77
71
37
55
45
46
114
107
45
41
99
104
45
30
185
293
78
52
29
57
34
53
80
42
40
112
39
123
61
26
49
53
59
56
28
73
276
85
68
37
47
54
156
103
77
190
139
38
136
68
42
32
106
107
89
76
111
61
26
52
59
95
72
106
34
62
30
176
48
54
106
114
83
42
105
42
221
67
37
30
329
106
55
49
30
175
40
33
96
33
46
122
57
35
38
105
50
40
43
90
281
92
45
43
39
43
56
49
93
201
129
38
68
97
154
59
173
77
39
247
64
33
430
158
36
115
36
68
29
68
99
36
103
45
220
39
29
98
107
33
236
158
80
