2 0
3 0
4 0
5 0
6 0
7 0
8 1
9 0
10 0
11 0
12 0
13 0
14 0
15 0
16 0
17 0
18 0
19 0
20 1
21 0
22 0
23 0
24 0
25 1
26 0
27 0
28 0
29 0
30 0
31 0
32 0
33 0
34 0
35 0
36 0
37 0
38 0
39 0
40 0
41 0
42 0
43 0
44 0
45 0
46 0
47 0
48 0
49 0
50 0
51 0
52 0
53 0
54 0
55 0
56 0
57 0
58 0
59 0
60 0
61 0
62 0
63 0
64 0
65 0
66 0
67 0
68 0
69 0
70 0
71 0
72 1
73 1
74 0
75 0
76 1
77 1
78 0
79 1
80 0
81 1
82 2
83 2
84 2
85 3
86 1
87 2
88 1
89 1
90 0
91 2
92 3
93 1
94 0
95 2
96 2
97 1
98 3
99 1
100 1
101 2
102 2
103 4
104 2
105 3
106 3
107 4
108 5
109 5
110 4
111 4
112 4
113 4
114 5
115 5
116 5
117 2
118 0
119 4
120 2
121 3
122 2
123 3
124 5
125 3
126 2
127 2
128 0
129 2
130 0
131 4
132 1
133 1
134 0
135 2
136 3
137 3
138 2
139 5
140 3
141 1
142 1
143 2
144 3
145 3
146 2
147 2
148 2
149 2
150 1
151 3
152 3
153 2
154 2
155 2
156 3
157 2
158 1
159 1
160 4
161 3
162 1
163 1
164 2
165 3
166 1
167 0
168 0
169 1
170 3
171 1
172 1
173 0
174 4
175 3
176 2
177 0
178 2
179 1
180 1
181 1
182 1
183 2
184 2
185 1
186 2
187 2
188 2
189 1
190 2
191 0
192 2
193 0
194 5
195 3
196 0
197 2
198 2
199 2
200 4
201 5
202 0
203 2
204 4
205 2
206 6
207 5
208 2
209 7
210 8
211 2
212 3
213 0
214 4
215 4
216 5
217 4
218 0
219 7
220 9
221 1
222 6
223 1
224 5
225 2
226 2
227 2
228 1
229 4
230 1
231 2
232 4
233 2
234 3
235 2
236 2
237 9
238 1
239 3
240 1
241 5
242 4
243 1
244 6
245 3
246 6
247 3
248 4
249 6
250 4
251 4
252 3
253 1
254 1
255 5
256 4
257 2
258 1
259 2
260 3
261 4
262 3
263 3
264 3
265 8
266 1
267 4
268 2
269 2
270 3
271 7
272 2
273 4
274 2
275 5
276 4
277 0
278 1
279 0
280 3
281 4
282 3
283 4
284 3
285 2
286 3
287 2
288 0
289 1
290 4
291 0
292 2
293 3
294 3
295 1
296 3
297 0
298 0
299 1
300 0
301 1
302 5
303 0
304 0
305 2
306 2
307 0
308 0
309 0
310 0
311 1
312 0
313 1
314 1
315 3
316 0
317 0
318 0
319 0
320 0
321 1
322 0
323 0
324 0
325 0
326 2
327 0
328 0
329 0
330 0
331 0
332 0
333 0
334 0
335 0
336 0
337 0
338 0
339 0
340 0
341 0
342 0
343 0
344 0
345 0
346 0
347 0
348 0
349 0
350 0
351 0
352 0
353 0
354 0
355 0
356 0
357 0
358 0
359 0
360 0
361 0
362 0
363 0
364 0
365 0
366 1
367 0
368 0
369 0
370 0
371 0
372 0
373 1
374 0
375 0
376 0
377 0
378 0
379 0
380 0
381 0
382 1
383 0
384 0
385 0
386 1
387 0
388 0
389 0
390 0
391 1
392 0
393 0
394 0
395 0
396 0
397 0
398 0
399 0
400 0
401 0
402 0
403 0
404 0
405 0
406 0
407 1
408 0
409 0
410 0
411 0
412 0
413 0
414 2
415 0
416 0
417 0
418 0
419 2
420 1
421 0
422 0
423 0
424 0
425 2
426 1
427 0
428 0
429 0
430 3
431 3
432 0
433 0
434 1
435 2
436 0
437 0
438 1
439 3
440 1
441 1
442 1
443 2
444 1
445 3
446 4
447 3
448 5
449 3
450 2
451 2
452 6
453 3
454 3
455 9
456 2
457 3
458 6
459 3
460 9
461 2
462 5
463 5
464 5
465 3
466 4
467 3
468 2
469 4
470 1
471 3
472 1
473 1
474 3
475 3
476 0
477 4
478 2
479 5
480 1
481 1
482 2
483 3
484 2
485 2
486 3
487 1
488 2
489 8
490 2
491 1
492 1
493 5
494 3
495 3
496 3
497 5
498 2
499 3
500 1
501 2
502 1
503 2
504 2
505 2
506 2
507 2
508 2
509 1
510 4
511 1
512 2
513 0
514 0
515 2
516 0
517 1
518 1
519 1
520 0
521 0
522 0
523 3
524 0
525 0
526 0
527 3
528 0
529 1
530 3
531 0
532 2
533 1
534 0
535 2
536 1
537 0
538 0
539 0
540 0
541 0
542 0
543 1
544 0
545 0
546 0
547 1
548 0
549 0
550 0
551 1
552 0
553 0
554 0
555 0
556 0
557 0
558 0
559 0
560 0
561 0
562 0
563 0
564 0
565 0
566 0
567 1
568 1
569 0
570 0
571 0
572 0
573 0
574 0
575 0
576 0
577 0
578 1
579 0
580 0
581 0
582 0
583 0
584 1
585 0
586 0
587 1
588 0
589 1
590 3
591 2
592 3
593 1
594 1
595 3
596 3
597 5
598 10
599 7
600 9
601 8
602 4
603 5
604 5
605 10
606 11
607 9
608 7
609 5
610 5
611 2
612 0
613 3
614 1
615 1
616 1
617 0
618 0
619 1
620 0
621 0
622 2
623 1
624 2
625 4
626 0
627 0
628 4
629 7
630 4
631 1
632 5
633 4
634 5
635 5
636 3
637 5
638 6
639 2
640 4
641 7
642 4
643 5
644 3
645 3
646 2
647 2
648 1
649 0
650 2
651 0
652 2
653 2
654 1
655 2
656 0
657 2
658 1
659 2
660 2
661 0
662 5
663 1
664 3
665 2
666 2
667 1
668 3
669 1
670 1
671 4
672 1
673 1
674 1
675 1
676 3
677 2
678 0
679 1
680 1
681 2
682 1
683 0
684 1
685 0
686 0
687 1
688 1
689 1
690 0
691 0
692 0
693 1
694 0
695 1
696 0
697 0
698 0
699 0
700 0
701 0
702 0
703 0
704 1
705 0
706 0
707 0
708 0
709 0
710 0
711 0
712 0
713 0
714 1
715 0
716 0
717 0
718 0
719 0
720 0
721 0
722 0
723 2
724 0
725 2
726 0
727 1
728 0
729 0
730 0
731 0
732 0
733 1
734 0
735 1
736 4
737 2
738 2
739 1
740 4
741 3
742 3
743 1
744 1
745 1
746 1
747 2
748 5
749 2
750 2
751 3
752 4
753 2
754 6
755 1
756 6
757 1
758 2
759 1
760 3
761 3
762 2
763 1
764 8
765 3
766 5
767 2
768 6
769 3
770 2
771 3
772 3
773 0
774 4
775 3
776 1
777 3
778 2
779 3
780 3
781 1
782 4
783 2
784 2
785 5
786 1
787 3
788 3
789 2
790 4
791 1
792 3
793 2
794 3
795 1
796 0
797 7
798 0
799 5
800 6
801 4
802 3
803 2
804 2
805 3
806 4
807 5
808 5
809 3
810 2
811 5
812 2
813 4
814 5
815 2
816 5
817 1
818 3
819 1
820 3
821 3
822 3
823 3
824 4
825 3
826 2
827 7
828 4
829 2
830 4
831 0
832 2
833 0
834 3
835 0
836 3
837 5
838 4
839 2
840 1
841 3
842 4
843 5
844 7
845 2
846 3
847 0
848 5
849 4
850 1
851 2
852 1
853 4
854 1
855 4
856 5
857 1
858 5
859 1
860 7
861 2
862 1
863 2
864 2
865 2
866 0
867 3
868 2
869 1
870 5
871 2
872 0
873 2
874 1
875 3
876 1
877 2
878 4
879 4
880 3
881 2
882 0
883 1
884 2
885 0
886 1
887 1
888 0
889 1
890 1
891 1
892 0
893 0
894 0
895 0
896 0
897 0
898 2
899 0
900 0
901 0
902 0
903 0
904 0
905 0
906 0
907 0
908 0
909 0
910 0
911 0
912 0
913 0
914 0
915 0
916 1
917 1
918 0
919 0
920 0
921 0
922 0
923 0
924 0
925 0
926 1
927 0
928 0
929 1
930 1
931 0
932 0
933 0
934 0
935 0
936 0
937 0
938 0
939 0
940 0
941 1
942 0
943 0
944 0
945 1
946 1
947 0
948 1
949 2
950 0
951 3
952 4
953 3
954 3
955 2
956 3
957 4
958 3
959 4
960 7
961 6
962 5
963 6
964 4
965 5
966 4
967 6
968 8
969 6
970 4
971 4
972 2
973 0
974 0
975 3
976 2
977 5
978 1
979 1
980 0
981 3
982 0
983 0
984 4
985 0
986 2
987 0
988 0
989 2
990 5
991 5
992 2
993 1
994 0
995 1
996 3
997 0
998 2
999 2
1000 0
1001 0
1002 1
1003 1
1004 5
1005 1
1006 4
1007 2
1008 1
1009 0
1010 3
1011 4
1012 3
1013 3
1014 1
1015 4
1016 2
1017 0
1018 0
1019 0
1020 3
1021 3
1022 2
1023 4
1024 1
1025 1
1026 7
1027 4
1028 2
1029 3
1030 1
1031 2
1032 2
1033 2
1034 2
1035 2
1036 6
1037 6
1038 3
1039 8
1040 2
1041 5
1042 5
1043 4
1044 2
1045 3
1046 3
1047 4
1048 2
1049 3
1050 3
1051 5
1052 5
1053 4
1054 4
1055 2
1056 1
1057 5
1058 2
1059 1
1060 2
1061 2
1062 1
1063 6
1064 3
1065 7
1066 3
1067 2
1068 3
1069 2
1070 5
1071 3
1072 4
1073 4
1074 1
1075 1
1076 1
1077 3
1078 2
1079 0
1080 2
1081 2
1082 3
1083 1
1084 4
1085 4
1086 5
1087 4
1088 0
1089 1
1090 0
1091 2
1092 0
1093 1
1094 0
1095 2
1096 1
1097 1
1098 0
1099 1
1100 1
1101 0
1102 0
1103 1
1104 2
1105 0
1106 0
1107 0
1108 4
1109 1
1110 1
1111 0
1112 0
1113 0
1114 0
1115 0
1116 0
1117 0
1118 0
1119 0
1120 0
1121 0
1122 0
1123 0
1124 0
1125 0
1126 0
1127 0
1128 0
1129 0
1130 0
1131 0
1132 0
1133 0
1134 0
1135 0
1136 0
1137 0
1138 0
1139 0
1140 0
1141 0
1142 0
1143 0
1144 0
1145 0
1146 0
1147 0
1148 0
1149 0
1150 0
1151 0
1152 0
1153 0
1154 0
1155 0
1156 0
1157 0
1158 0
1159 0
1160 0
1161 0
1162 0
1163 0
1164 1
1165 0
1166 0
1167 0
1168 0
1169 2
1170 1
1171 0
1172 1
1173 3
1174 5
1175 7
1176 2
1177 4
1178 9
1179 6
1180 4
1181 10
1182 7
1183 6
1184 2
1185 7
1186 11
1187 3
1188 5
1189 6
1190 6
1191 6
1192 1
1193 2
1194 1
1195 0
1196 2
1197 3
1198 2
1199 1
1200 0
1201 1
1202 0
1203 0
1204 0
1205 0
1206 0
1207 0
1208 0
1209 0
1210 1
1211 0
1212 0
1213 0
1214 2
1215 0
1216 0
1217 0
1218 1
1219 0
1220 0
1221 0
1222 1
1223 1
1224 0
1225 1
1226 1
1227 0
1228 1
1229 0
1230 1
1231 0
1232 0
1233 0
1234 0
1235 0
1236 0
1237 0
1238 0
1239 0
1240 0
1241 0
1242 0
1243 0
1244 0
1245 0
1246 0
1247 0
1248 0
1249 0
1250 0
1251 0
1252 0
1253 0
1254 0
1255 0
1256 0
1257 0
1258 0
1259 0
1260 0
1261 0
1262 0
1263 0
1264 0
1265 0
1266 0
1267 0
1268 0
1269 0
1270 0
1271 0
1272 0
1273 0
1274 0
1275 0
1276 0
1277 0
1278 0
1279 0
1280 0
1281 0
1282 0
1283 0
1284 1
1285 0
1286 0
1287 0
1288 1
1289 1
1290 1
1291 4
1292 1
1293 1
1294 1
1295 3
1296 2
1297 2
1298 3
1299 6
1300 4
1301 6
1302 6
1303 4
1304 3
1305 5
1306 5
1307 4
1308 1
1309 9
1310 7
1311 4
1312 0
1313 6
1314 1
1315 5
1316 5
1317 3
1318 2
1319 3
1320 4
1321 6
1322 1
1323 1
1324 1
1325 0
1326 2
1327 1
1328 0
1329 1
1330 0
1331 0
1332 1
1333 3
1334 1
1335 0
1336 1
1337 0
1338 1
1339 1
1340 2
1341 0
1342 0
1343 2
1344 1
1345 1
1346 0
1347 1
1348 0
1349 0
1350 2
1351 1
1352 0
1353 0
1354 1
1355 4
1356 1
1357 3
1358 4
1359 2
1360 5
1361 5
1362 1
1363 3
1364 5
1365 8
1366 4
1367 6
1368 4
1369 4
1370 4
1371 3
1372 6
1373 5
1374 6
1375 7
1376 8
1377 4
1378 2
1379 1
1380 3
1381 5
1382 1
1383 2
1384 2
1385 3
1386 2
1387 1
1388 2
1389 1
1390 5
1391 1
1392 1
1393 4
1394 5
1395 1
1396 1
1397 1
1398 6
1399 4
1400 4
1401 1
1402 3
1403 6
1404 3
1405 3
1406 4
1407 5
1408 2
1409 3
1410 2
1411 1
1412 2
1413 3
1414 2
1415 6
1416 4
1417 6
1418 3
1419 3
1420 1
1421 2
1422 0
1423 2
1424 1
1425 1
1426 1
1427 0
1428 4
1429 2
1430 3
1431 2
1432 2
1433 4
1434 0
1435 1
1436 1
1437 4
1438 3
1439 2
1440 4
1441 0
1442 2
1443 2
1444 2
1445 0
1446 0
1447 2
1448 1
1449 3
1450 2
1451 0
1452 0
1453 0
1454 1
1455 1
1456 0
1457 1
1458 1
1459 1
1460 0
1461 0
1462 0
1463 0
1464 0
1465 0
1466 1
1467 1
1468 0
1469 0
1470 0
1471 0
1472 0
1473 0
1474 0
1475 0
1476 0
1477 0
1478 1
1479 0
1480 0
1481 0
1482 0
1483 0
1484 0
1485 0
1486 0
1487 0
1488 0
1489 0
1490 1
1491 1
1492 0
1493 1
1494 0
1495 1
1496 0
1497 1
1498 1
1499 0
1500 4
1501 3
1502 0
1503 4
1504 3
1505 3
1506 6
1507 4
1508 11
1509 8
1510 8
1511 12
1512 4
1513 7
1514 9
1515 2
1516 5
1517 3
1518 6
1519 2
1520 3
1521 1
1522 3
1523 3
1524 2
1525 0
1526 1
1527 1
1528 0
1529 3
1530 1
1531 1
1532 2
1533 2
1534 1
1535 1
1536 1
1537 1
1538 2
1539 1
1540 1
1541 5
1542 4
1543 1
1544 2
1545 4
1546 6
1547 1
1548 5
1549 6
1550 5
1551 0
1552 3
1553 4
1554 2
1555 1
1556 1
1557 1
1558 1
1559 2
1560 1
1561 1
1562 2
1563 1
1564 1
1565 2
1566 0
1567 1
1568 0
1569 1
1570 0
1571 0
1572 0
1573 0
1574 0
1575 0
1576 2
1577 1
1578 0
1579 0
1580 0
1581 0
1582 0
1583 0
1584 0
1585 1
1586 1
1587 0
1588 1
1589 0
1590 0
1591 0
1592 1
1593 0
1594 0
1595 0
1596 0
1597 1
1598 0
1599 0
1600 0
1601 2
1602 0
1603 0
1604 0
1605 0
1606 1
1607 0
1608 1
1609 0
1610 0
1611 1
1612 1
1613 2
1614 2
1615 2
1616 0
1617 1
1618 1
1619 1
1620 2
1621 1
1622 1
1623 1
1624 1
1625 1
1626 1
1627 2
1628 2
1629 2
1630 1
1631 0
1632 2
1633 1
1634 2
1635 1
1636 1
1637 3
1638 1
1639 2
1640 0
1641 1
1642 0
1643 1
1644 1
1645 0
1646 0
1647 1
1648 1
1649 0
1650 1
1651 0
1652 0
1653 0
1654 1
1655 0
1656 0
1657 0
1658 0
1659 0
1660 1
1661 1
1662 0
1663 0
1664 1
1665 0
1666 0
1667 1
1668 1
1669 1
1670 0
1671 0
1672 2
1673 1
1674 1
1675 0
1676 0
1677 0
1678 2
1679 0
1680 0
1681 0
1682 0
1683 0
1684 0
1685 1
1686 0
1687 0
1688 0
1689 0
1690 0
1691 0
1692 1
1693 0
1694 0
1695 0
1696 0
1697 1
1698 0
1699 0
1700 0
1701 0
1702 1
1703 1
1704 0
1705 0
1706 0
1707 1
1708 1
1709 2
1710 0
1711 4
1712 2
1713 2
1714 4
1715 5
1716 3
1717 2
1718 8
1719 1
1720 4
1721 3
1722 4
1723 5
1724 4
1725 5
1726 1
1727 6
1728 5
1729 2
1730 2
1731 3
1732 9
1733 5
1734 6
1735 1
1736 2
1737 1
1738 1
1739 3
1740 1
1741 5
1742 2
1743 1
1744 1
1745 0
1746 0
1747 1
1748 2
1749 2
1750 1
1751 1
1752 0
1753 1
1754 1
1755 1
1756 0
1757 0
1758 4
1759 2
1760 2
1761 1
1762 0
1763 3
1764 0
1765 3
1766 0
1767 2
1768 1
1769 0
1770 1
1771 1
1772 2
1773 0
1774 0
1775 0
1776 1
1777 0
1778 3
1779 1
1780 0
1781 0
1782 1
1783 1
1784 1
1785 1
1786 1
1787 3
1788 2
1789 0
1790 1
1791 0
1792 2
1793 1
1794 1
1795 3
1796 1
1797 0
1798 1
1799 3
1800 1
1801 3
1802 2
1803 1
1804 5
1805 1
1806 0
1807 2
1808 2
1809 2
1810 1
1811 1
1812 0
1813 2
1814 1
1815 4
1816 3
1817 6
1818 3
1819 3
1820 6
1821 3
1822 4
1823 6
1824 3
1825 3
1826 1
1827 5
1828 4
1829 5
1830 1
1831 4
1832 2
1833 4
1834 2
1835 1
1836 2
1837 1
1838 4
1839 3
1840 0
1841 2
1842 0
1843 1
1844 2
1845 2
1846 1
1847 1
1848 1
1849 1
1850 1
1851 0
1852 1
1853 0
1854 2
1855 1
1856 0
1857 0
1858 0
1859 1
1860 1
1861 1
1862 0
1863 1
1864 1
1865 0
1866 0
1867 1
1868 0
1869 1
1870 0
1871 1
1872 0
1873 0
1874 0
1875 0
1876 0
1877 0
1878 0
1879 1
1880 0
1881 0
1882 0
1883 0
1884 0
1885 0
1886 0
1887 0
1888 0
1889 1
1890 0
1891 0
1892 0
1893 0
1894 0
1895 0
1896 0
1897 0
1898 1
1899 0
1900 0
1901 0
1902 0
1903 0
1904 0
1905 0
1906 1
1907 0
1908 0
1909 0
1910 0
1911 1
1912 0
1913 0
1914 0
1915 1
1916 0
1917 1
1918 0
1919 0
1920 1
1921 2
1922 2
1923 4
1924 6
1925 1
1926 1
1927 5
1928 2
1929 1
1930 8
1931 9
1932 7
1933 2
1934 7
1935 5
1936 9
1937 4
1938 6
1939 2
1940 3
1941 4
1942 7
1943 1
1944 3
1945 3
1946 3
1947 4
1948 4
1949 1
1950 1
1951 3
1952 1
1953 2
1954 1
1955 2
1956 0
1957 3
1958 0
1959 1
1960 1
1961 2
1962 0
1963 1
1964 2
1965 3
1966 3
1967 0
1968 2
1969 1
1970 3
1971 2
1972 0
1973 0
1974 0
1975 1
1976 1
1977 1
1978 1
1979 2
1980 1
1981 1
1982 1
1983 3
1984 0
1985 1
1986 1
1987 1
1988 1
1989 0
1990 2
1991 2
1992 0
1993 1
1994 0
1995 1
1996 1
1997 0
1998 0
1999 0
2000 0
2001 0
2002 0
2003 0
2004 0
2005 1
2006 0
2007 0
2008 0
2009 0
2010 1
2011 0
2012 0
2013 0
2014 0
2015 0
2016 0
2017 0
2018 0
2019 0
2020 0
2021 0
2022 0
2023 0
2024 0
2025 0
2026 0
2027 0
2028 0
2029 0
2030 0
2031 1
2032 0
2033 0
2034 0
2035 0
2036 1
2037 0
2038 0
2039 0
2040 0
2041 0
2042 2
2043 0
2044 1
2045 1
2046 0
2047 0
2048 0
2049 0
2050 1
2051 3
2052 1
2053 1
2054 0
2055 0
2056 0
2057 1
2058 1
2059 0
2060 1
2061 1
2062 1
2063 0
2064 1
2065 0
2066 0
2067 1
2068 3
2069 0
2070 1
2071 0
2072 0
2073 0
2074 0
2075 1
2076 0
2077 0
2078 1
2079 2
2080 0
2081 2
2082 0
2083 1
2084 0
2085 0
2086 0
2087 0
2088 1
2089 1
2090 1
2091 0
2092 0
2093 0
2094 1
2095 0
2096 1
2097 3
2098 1
2099 0
2100 0
2101 1
2102 2
2103 1
2104 0
2105 3
2106 0
2107 0
2108 2
2109 1
2110 0
2111 0
2112 1
2113 2
2114 2
2115 4
2116 1
2117 2
2118 1
2119 4
2120 3
2121 4
2122 2
2123 6
2124 5
2125 5
2126 6
2127 7
2128 8
2129 7
2130 4
2131 2
2132 6
2133 6
2134 3
2135 7
2136 6
2137 2
2138 2
2139 3
2140 2
2141 0
2142 1
2143 3
2144 1
2145 2
2146 0
2147 3
2148 2
2149 1
2150 2
2151 2
2152 0
2153 1
2154 2
2155 2
2156 3
2157 1
2158 5
2159 3
2160 1
2161 3
2162 2
2163 1
2164 4
2165 6
2166 2
2167 7
2168 1
2169 3
2170 5
2171 1
2172 3
2173 2
2174 1
2175 1
2176 3
2177 3
2178 0
2179 2
2180 0
2181 6
2182 1
2183 2
2184 0
2185 1
2186 0
2187 1
2188 0
2189 1
2190 0
2191 1
2192 0
2193 0
2194 0
2195 0
2196 0
2197 0
2198 1
2199 1
2200 0
2201 0
2202 0
2203 0
2204 0
2205 0
2206 0
2207 1
2208 0
2209 0
2210 0
2211 0
2212 0
2213 0
2214 0
2215 0
2216 0
2217 0
2218 0
2219 0
2220 1
2221 0
2222 0
2223 0
2224 0
2225 0
2226 0
2227 0
2228 0
2229 0
2230 0
2231 1
2232 0
2233 0
2234 0
2235 1
2236 0
2237 0
2238 2
2239 1
2240 1
2241 1
2242 1
2243 0
2244 1
2245 4
2246 1
2247 1
2248 0
2249 2
2250 3
2251 2
2252 2
2253 3
2254 4
2255 0
2256 2
2257 0
2258 4
2259 4
2260 2
2261 2
2262 1
2263 4
2264 5
2265 5
2266 6
2267 5
2268 4
2269 4
2270 3
2271 3
2272 2
2273 1
2274 4
2275 0
2276 3
2277 3
2278 5
2279 1
2280 3
2281 4
2282 2
2283 1
2284 1
2285 1
2286 0
2287 1
2288 0
2289 1
2290 4
2291 2
2292 1
2293 1
2294 0
2295 3
2296 1
2297 0
2298 2
2299 3
2300 1
2301 3
2302 1
2303 1
2304 2
2305 3
2306 6
2307 1
2308 2
2309 2
2310 2
2311 1
2312 4
2313 1
2314 0
2315 2
2316 5
2317 5
2318 2
2319 4
2320 0
2321 1
2322 0
2323 2
2324 0
2325 3
2326 1
2327 1
2328 2
2329 0
2330 1
2331 4
2332 0
2333 3
2334 1
2335 0
2336 1
2337 1
2338 4
2339 1
2340 1
2341 2
2342 1
2343 0
2344 0
2345 1
2346 0
2347 0
2348 1
2349 1
2350 3
2351 0
2352 0
2353 2
2354 1
2355 2
2356 1
2357 0
2358 3
2359 1
2360 2
2361 1
2362 1
2363 1
2364 1
2365 3
2366 0
2367 0
2368 0
2369 0
2370 0
2371 0
2372 0
2373 1
2374 0
2375 0
2376 0
2377 3
2378 0
2379 0
2380 0
2381 1
2382 0
2383 0
2384 0
2385 0
2386 0
2387 0
2388 0
2389 1
2390 0
2391 0
2392 0
2393 1
2394 0
2395 1
2396 0
2397 0
2398 0
2399 0
2400 0
2401 0
2402 0
2403 1
2404 0
2405 0
2406 0
2407 0
2408 0
2409 0
2410 0
2411 0
2412 0
2413 0
2414 0
2415 0
2416 0
2417 0
2418 0
2419 0
2420 0
2421 0
2422 0
2423 0
2424 0
2425 0
2426 0
2427 2
2428 0
2429 1
2430 0
2431 0
2432 1
2433 1
2434 0
2435 0
2436 0
2437 1
2438 0
2439 4
2440 4
2441 0
2442 1
2443 3
2444 2
2445 1
2446 2
2447 5
2448 7
2449 0
2450 1
2451 2
2452 1
2453 4
2454 4
2455 4
2456 4
2457 4
2458 5
2459 1
2460 7
2461 2
2462 4
2463 3
2464 3
2465 1
2466 2
2467 2
2468 1
2469 3
2470 1
2471 2
2472 2
2473 0
2474 1
2475 4
2476 0
2477 2
2478 2
2479 0
2480 2
2481 1
2482 1
2483 2
2484 0
2485 1
2486 0
2487 0
2488 2
2489 0
2490 0
2491 1
2492 1
2493 1
2494 1
2495 1
2496 2
2497 0
2498 1
2499 0
2500 0
2501 0
2502 0
2503 0
2504 1
2505 0
2506 0
2507 0
2508 0
2509 0
2510 0
2511 0
2512 1
2513 0
2514 0
2515 0
2516 0
2517 0
2518 0
2519 0
2520 0
2521 0
2522 0
2523 0
2524 0
2525 0
2526 1
2527 0
2528 1
2529 0
2530 0
2531 0
2532 0
2533 0
2534 0
2535 1
2536 0
2537 0
2538 0
2539 0
2540 1
2541 0
2542 1
2543 0
2544 0
2545 0
2546 0
2547 0
2548 0
2549 1
2550 0
2551 0
2552 0
2553 0
2554 2
2555 0
2556 0
2557 0
2558 1
2559 0
2560 0
2561 1
2562 0
2563 0
2564 1
2565 0
2566 1
2567 0
2568 0
2569 0
2570 0
2571 0
2572 0
2573 0
2574 0
2575 1
2576 0
2577 0
2578 0
2579 1
2580 0
2581 0
2582 0
2583 0
2584 0
2585 0
2586 0
2587 0
2588 0
2589 0
2590 0
2591 0
2592 0
2593 0
2594 0
2595 0
2596 0
2597 1
2598 0
2599 0
2600 0
2601 1
2602 0
2603 0
2604 0
2605 0
2606 1
2607 0
2608 0
2609 0
2610 0
2611 0
2612 0
2613 0
2614 0
2615 0
2616 0
2617 0
2618 0
2619 0
2620 0
2621 0
2622 0
2623 0
2624 0
2625 0
2626 0
2627 0
2628 0
2629 0
2630 0
2631 0
2632 0
2633 0
2634 0
2635 0
2636 0
2637 0
2638 0
2639 0
2640 0
2641 1
2642 0
2643 0
2644 0
2645 0
2646 0
2647 0
2648 0
2649 0
2650 0
2651 0
2652 1
2653 0
2654 0
2655 0
2656 1
2657 0
2658 1
2659 1
2660 0
2661 2
2662 0
2663 1
2664 0
2665 0
2666 1
2667 0
2668 0
2669 1
2670 1
2671 3
2672 0
2673 2
2674 2
2675 1
2676 2
2677 2
2678 1
2679 2
2680 1
2681 0
2682 0
2683 1
2684 5
2685 3
2686 1
2687 2
2688 1
2689 2
2690 2
2691 2
2692 3
2693 0
2694 1
2695 3
2696 1
2697 1
2698 1
2699 1
2700 2
2701 2
2702 2
2703 2
2704 1
2705 4
2706 4
2707 2
2708 6
2709 2
2710 3
2711 5
2712 4
2713 6
2714 2
2715 0
2716 3
2717 4
2718 1
2719 5
2720 4
2721 3
2722 1
2723 3
2724 1
2725 1
2726 3
2727 0
2728 1
2729 4
2730 5
2731 2
2732 0
2733 2
2734 1
2735 1
2736 0
2737 4
2738 1
2739 4
2740 4
2741 1
2742 2
2743 0
2744 2
2745 4
2746 3
2747 2
2748 2
2749 1
2750 3
2751 4
2752 2
2753 2
2754 3
2755 6
2756 0
2757 3
2758 3
2759 2
2760 0
2761 0
2762 1
2763 1
2764 4
2765 2
2766 1
2767 1
2768 0
2769 1
2770 2
2771 2
2772 1
2773 2
2774 1
2775 2
2776 1
2777 1
2778 0
2779 1
2780 0
2781 0
2782 0
2783 2
2784 0
2785 0
2786 1
2787 1
2788 0
2789 0
2790 0
2791 0
2792 0
2793 1
2794 1
2795 0
2796 0
2797 0
2798 1
2799 0
2800 0
2801 0
2802 1
2803 0
2804 0
2805 0
2806 0
2807 0
2808 0
2809 1
2810 0
2811 0
2812 0
2813 2
2814 0
2815 0
2816 0
2817 2
2818 0
2819 1
2820 0
2821 0
2822 0
2823 0
2824 0
2825 0
2826 0
2827 0
2828 0
2829 1
2830 1
2831 0
2832 1
2833 0
2834 0
2835 1
2836 1
2837 0
2838 0
2839 3
2840 0
2841 3
2842 1
2843 1
2844 3
2845 0
2846 2
2847 3
2848 7
2849 2
2850 9
2851 3
2852 6
2853 4
2854 7
2855 3
2856 5
2857 3
2858 5
2859 2
2860 5
2861 3
2862 3
2863 4
2864 4
2865 2
2866 4
2867 4
2868 5
2869 5
2870 2
2871 3
2872 2
2873 2
2874 1
2875 1
2876 3
2877 1
2878 2
2879 1
2880 0
2881 4
2882 0
2883 1
2884 3
2885 4
2886 4
2887 1
2888 1
2889 3
2890 2
2891 3
2892 1
2893 2
2894 2
2895 2
2896 2
2897 1
2898 1
2899 4
2900 1
2901 4
2902 1
2903 2
2904 3
2905 2
2906 3
2907 5
2908 0
2909 3
2910 4
2911 2
2912 2
2913 0
2914 1
2915 0
2916 3
2917 2
2918 1
2919 1
2920 2
2921 1
2922 2
2923 0
2924 5
2925 1
2926 0
2927 1
2928 0
2929 1
2930 3
2931 2
2932 3
2933 1
2934 2
2935 2
2936 3
2937 1
2938 2
2939 2
2940 3
2941 1
2942 3
2943 1
2944 3
2945 5
2946 2
2947 0
2948 2
2949 3
2950 2
2951 3
2952 1
2953 2
2954 2
2955 4
2956 4
2957 2
2958 4
2959 5
2960 3
2961 3
2962 4
2963 0
2964 1
2965 1
2966 3
2967 4
2968 4
2969 5
2970 3
2971 3
2972 4
2973 4
2974 1
2975 4
2976 4
2977 4
2978 5
2979 2
2980 1
2981 2
2982 2
2983 0
2984 5
2985 2
2986 3
2987 4
2988 2
2989 0
2990 4
2991 4
2992 2
2993 6
2994 4
2995 1
2996 1
2997 3
2998 4
2999 6
3000 2
3001 3
3002 3
3003 5
3004 3
3005 5
3006 5
3007 2
3008 1
3009 4
3010 2
3011 2
3012 4
3013 4
3014 3
3015 3
3016 4
3017 2
3018 6
3019 0
3020 0
3021 3
3022 7
3023 3
3024 2
3025 0
3026 4
3027 3
3028 1
3029 2
3030 4
3031 3
3032 2
3033 2
3034 5
3035 2
3036 1
3037 2
3038 4
3039 3
3040 2
3041 5
3042 1
3043 1
3044 1
3045 3
3046 2
3047 1
3048 0
3049 2
3050 2
3051 1
3052 5
3053 1
3054 0
3055 3
3056 2
3057 2
3058 0
3059 2
3060 1
3061 1
3062 0
3063 0
3064 0
3065 0
3066 2
3067 1
3068 0
3069 0
3070 0
3071 2
3072 2
3073 0
3074 0
3075 0
3076 2
3077 1
3078 1
3079 0
3080 0
3081 0
3082 0
3083 0
3084 0
3085 0
3086 0
3087 0
3088 0
3089 0
3090 0
3091 0
3092 0
3093 0
3094 0
3095 0
3096 1
3097 0
3098 0
3099 0
3100 0
3101 1
3102 0
3103 0
3104 0
3105 0
3106 0
3107 0
3108 0
3109 0
3110 1
3111 0
3112 0
3113 0
3114 0
3115 1
3116 0
3117 0
3118 0
3119 0
3120 1
3121 0
3122 0
3123 1
3124 0
3125 1
3126 0
3127 0
3128 2
3129 1
3130 0
3131 0
3132 2
3133 1
3134 1
3135 1
3136 3
3137 0
3138 4
3139 5
3140 3
3141 5
3142 4
3143 5
3144 2
3145 5
3146 2
3147 4
3148 1
3149 6
3150 6
3151 4
3152 3
3153 3
3154 7
3155 2
3156 8
3157 2
3158 2
3159 4
3160 2
3161 3
3162 3
3163 4
3164 2
3165 0
3166 0
3167 2
3168 3
3169 4
3170 1
3171 1
3172 3
3173 2
3174 3
3175 1
3176 0
3177 1
3178 1
3179 3
3180 1
3181 3
3182 4
3183 0
3184 6
3185 0
3186 5
3187 3
3188 2
3189 4
3190 2
3191 1
3192 3
3193 1
3194 0
3195 0
3196 3
3197 3
3198 4
3199 5
3200 3
3201 1
3202 3
3203 3
3204 1
3205 2
3206 4
3207 2
3208 1
3209 1
3210 0
3211 1
3212 1
3213 0
3214 1
3215 2
3216 0
3217 0
3218 0
3219 4
3220 3
3221 1
3222 2
3223 1
3224 2
3225 1
3226 1
3227 4
3228 3
3229 3
3230 1
3231 2
3232 1
3233 3
3234 3
3235 4
3236 3
3237 2
3238 3
3239 0
3240 4
3241 1
3242 1
3243 2
3244 3
3245 2
3246 1
3247 5
3248 3
3249 2
3250 1
3251 0
3252 6
3253 2
3254 4
3255 0
3256 2
3257 2
3258 1
3259 1
3260 0
3261 3
3262 0
3263 2
3264 1
3265 0
3266 0
3267 2
3268 1
3269 3
3270 1
3271 0
3272 0
3273 1
3274 1
3275 0
3276 0
3277 0
3278 0
3279 2
3280 1
3281 1
3282 3
3283 0
3284 0
3285 3
3286 0
3287 0
3288 2
3289 0
3290 0
3291 0
3292 0
3293 1
3294 0
3295 0
3296 0
3297 1
3298 1
3299 0
3300 1
3301 0
3302 0
3303 0
3304 0
3305 0
3306 0
3307 0
3308 0
3309 1
3310 0
3311 0
3312 0
3313 2
3314 0
3315 0
3316 0
3317 0
3318 0
3319 0
3320 0
3321 0
3322 0
3323 1
3324 0
3325 1
3326 0
3327 1
3328 0
3329 0
3330 0
3331 0
3332 0
3333 0
3334 1
3335 0
3336 0
3337 1
3338 1
3339 0
3340 0
3341 0
3342 1
3343 1
3344 0
3345 1
3346 1
3347 2
3348 0
3349 3
3350 0
3351 3
3352 1
3353 0
3354 2
3355 2
3356 1
3357 1
3358 3
3359 0
3360 2
3361 1
3362 4
3363 4
3364 2
3365 4
3366 3
3367 3
3368 1
3369 1
3370 0
3371 2
3372 1
3373 5
3374 2
3375 5
3376 1
3377 4
3378 2
3379 3
3380 2
3381 1
3382 2
3383 3
3384 3
3385 3
3386 2
3387 1
3388 2
3389 0
3390 4
3391 3
3392 3
3393 0
3394 1
3395 0
3396 1
3397 5
3398 1
3399 0
3400 4
3401 1
3402 1
3403 2
3404 1
3405 1
3406 2
3407 1
3408 4
3409 1
3410 0
3411 1
3412 2
3413 1
3414 3
3415 2
3416 6
3417 2
3418 0
3419 6
3420 1
3421 1
3422 3
3423 2
3424 1
3425 6
3426 0
3427 2
3428 2
3429 2
3430 1
3431 4
3432 0
3433 0
3434 2
3435 2
3436 2
3437 0
3438 3
3439 6
3440 1
3441 0
3442 4
3443 1
3444 2
3445 4
3446 0
3447 2
3448 3
3449 1
3450 2
3451 2
3452 3
3453 4
3454 3
3455 0
3456 0
3457 0
3458 2
3459 6
3460 0
3461 2
3462 1
3463 2
3464 2
3465 0
3466 2
3467 1
3468 1
3469 3
3470 1
3471 0
3472 3
3473 1
3474 2
3475 1
3476 0
3477 5
3478 2
3479 0
3480 0
3481 3
3482 0
3483 0
3484 1
3485 0
3486 0
3487 3
3488 0
3489 0
3490 0
3491 0
3492 1
3493 0
3494 1
3495 0
3496 0
3497 0
3498 1
3499 0
3500 1
3501 2
3502 2
3503 0
3504 1
3505 1
3506 0
3507 0
3508 0
3509 0
3510 1
3511 0
3512 1
3513 1
3514 1
3515 2
3516 0
3517 0
3518 2
3519 0
3520 0
3521 2
3522 0
3523 1
3524 3
3525 0
3526 0
3527 1
3528 2
3529 2
3530 1
3531 1
3532 1
3533 1
3534 0
3535 4
3536 0
3537 2
3538 0
3539 0
3540 1
3541 0
3542 1
3543 1
3544 4
3545 3
3546 4
3547 2
3548 3
3549 2
3550 2
3551 5
3552 6
3553 3
3554 6
3555 2
3556 3
3557 3
3558 5
3559 3
3560 2
3561 1
3562 4
3563 2
3564 5
3565 4
3566 1
3567 2
3568 4
3569 6
3570 3
3571 6
3572 2
3573 0
3574 1
3575 2
3576 0
3577 0
3578 3
3579 1
3580 1
3581 2
3582 3
3583 3
3584 1
3585 0
3586 1
3587 3
3588 2
3589 1
3590 2
3591 0
3592 2
3593 2
3594 0
3595 2
3596 1
3597 1
3598 1
3599 1
3600 5
3601 2
3602 0
3603 3
3604 2
3605 1
3606 0
3607 1
3608 1
3609 2
3610 3
3611 1
3612 0
3613 1
3614 1
3615 1
3616 1
3617 1
3618 1
3619 1
3620 3
3621 1
3622 0
3623 3
3624 1
3625 1
3626 0
3627 3
3628 1
3629 1
3630 2
3631 3
3632 1
3633 1
3634 2
3635 0
3636 0
3637 2
3638 2
3639 3
3640 1
3641 2
3642 4
3643 2
3644 0
3645 0
3646 1
3647 0
3648 1
3649 1
3650 0
3651 2
3652 0
3653 3
3654 1
3655 0
3656 1
3657 0
3658 0
3659 2
3660 1
3661 0
3662 1
3663 0
3664 2
3665 0
3666 1
3667 0
3668 1
3669 0
3670 0
3671 1
3672 1
3673 1
3674 2
3675 0
3676 1
3677 1
3678 1
3679 1
3680 1
3681 0
3682 0
3683 1
3684 0
3685 0
3686 0
3687 0
3688 0
3689 1
3690 1
3691 1
3692 0
3693 1
3694 1
3695 0
3696 0
3697 0
3698 1
3699 0
3700 0
3701 1
3702 0
3703 0
3704 0
3705 0
3706 0
3707 1
3708 1
3709 0
3710 1
3711 1
3712 0
3713 2
3714 0
3715 1
3716 1
3717 0
3718 0
3719 0
3720 3
3721 1
3722 0
3723 2
3724 1
3725 1
3726 1
3727 2
3728 4
3729 2
3730 1
3731 2
3732 0
3733 5
3734 3
3735 4
3736 8
3737 4
3738 3
3739 5
3740 3
3741 10
3742 3
3743 6
3744 5
3745 7
3746 4
3747 2
3748 4
3749 3
3750 2
3751 4
3752 3
3753 3
3754 2
3755 2
3756 3
3757 2
3758 2
3759 6
3760 0
3761 2
3762 1
3763 1
3764 1
3765 0
3766 2
3767 0
3768 1
3769 1
3770 2
3771 0
3772 4
3773 1
3774 1
3775 1
3776 3
3777 3
3778 0
3779 6
3780 2
3781 2
3782 3
3783 6
3784 2
3785 1
3786 2
3787 2
3788 1
3789 6
3790 1
3791 3
3792 2
3793 1
3794 2
3795 2
3796 2
3797 2
3798 1
3799 3
3800 2
3801 1
3802 0
3803 1
3804 0
3805 1
3806 1
3807 0
3808 1
3809 1
3810 2
3811 0
3812 0
3813 0
3814 0
3815 0
3816 2
3817 2
3818 1
3819 3
3820 1
3821 2
3822 1
3823 2
3824 1
3825 2
3826 4
3827 3
3828 4
3829 2
3830 5
3831 3
3832 5
3833 2
3834 7
3835 3
3836 5
3837 4
3838 4
3839 2
3840 5
3841 6
3842 1
3843 3
3844 8
3845 2
3846 3
3847 1
3848 4
3849 2
3850 3
3851 1
3852 2
3853 6
3854 0
3855 2
3856 1
3857 1
3858 2
3859 0
3860 3
3861 3
3862 0
3863 1
3864 3
3865 2
3866 3
3867 1
3868 3
3869 2
3870 4
3871 1
3872 0
3873 3
3874 2
3875 5
3876 2
3877 1
3878 1
3879 3
3880 3
3881 2
3882 0
3883 2
3884 3
3885 2
3886 1
3887 0
3888 2
3889 1
3890 4
3891 0
3892 0
3893 2
3894 0
3895 2
3896 0
3897 0
3898 0
3899 0
3900 0
3901 0
3902 0
3903 0
3904 0
3905 0
3906 0
3907 0
3908 0
3909 0
3910 1
3911 0
3912 0
3913 0
3914 0
3915 0
3916 0
3917 0
3918 0
3919 1
3920 0
3921 1
3922 0
3923 0
3924 0
3925 0
3926 0
3927 0
3928 0
3929 0
3930 0
3931 0
3932 0
3933 0
3934 0
3935 0
3936 0
3937 0
3938 0
3939 0
3940 0
3941 0
3942 0
3943 0
3944 0
3945 0
3946 0
3947 0
3948 0
3949 0
3950 1
3951 0
3952 0
3953 0
3954 0
3955 0
3956 0
3957 0
3958 0
3959 0
3960 0
3961 0
3962 0
3963 0
3964 0
3965 0
3966 0
3967 0
3968 0
3969 0
3970 0
3971 0
3972 0
3973 0
3974 0
3975 0
3976 0
3977 0
3978 0
3979 0
3980 0
3981 0
3982 0
3983 0
3984 0
3985 0
3986 0
3987 0
3988 0
3989 0
3990 0
3991 0
3992 0
3993 0
3994 0
3995 0
3996 0
3997 0
3998 0
3999 1
4000 0
4001 0
4002 0
4003 1
4004 0
4005 0
4006 1
4007 0
4008 2
4009 0
4010 0
4011 0
4012 2
4013 1
4014 1
4015 0
4016 0
4017 1
4018 0
4019 0
4020 2
4021 1
4022 1
4023 1
4024 1
4025 0
4026 0
4027 1
4028 2
4029 0
4030 1
4031 0
4032 0
4033 0
4034 0
4035 1
4036 1
4037 0
4038 3
4039 0
4040 1
4041 1
4042 1
4043 0
4044 1
4045 0
4046 1
4047 2
4048 0
4049 1
4050 0
4051 0
4052 3
4053 0
4054 0
4055 2
4056 0
4057 1
4058 1
4059 1
4060 4
4061 2
4062 2
4063 2
4064 4
4065 3
4066 1
4067 5
4068 4
4069 4
4070 4
4071 3
4072 2
4073 4
4074 7
4075 4
4076 4
4077 5
4078 7
4079 3
4080 4
4081 3
4082 4
4083 2
4084 3
4085 2
4086 2
4087 2
4088 2
4089 1
4090 1
4091 6
4092 4
4093 1
4094 4
4095 4
4096 0
4097 2
4098 1
4099 3
4100 3
4101 2
4102 0
4103 1
4104 1
4105 4
4106 2
4107 1
4108 4
4109 2
4110 2
4111 2
4112 5
4113 1
4114 1
4115 1
4116 4
4117 1
4118 1
4119 2
4120 3
4121 4
4122 2
4123 0
4124 1
4125 2
4126 3
4127 4
4128 1
4129 3
4130 1
4131 0
4132 2
4133 0
4134 4
4135 1
4136 3
4137 2
4138 1
4139 0
4140 1
4141 0
4142 0
4143 1
4144 2
4145 1
4146 1
4147 0
4148 0
4149 2
4150 1
4151 0
4152 2
4153 0
4154 0
4155 1
4156 0
4157 0
4158 1
4159 1
4160 2
4161 0
4162 0
4163 0
4164 0
4165 0
4166 0
4167 0
4168 0
4169 0
4170 0
4171 0
4172 1
4173 0
4174 1
4175 0
4176 0
4177 0
4178 0
4179 0
4180 1
4181 1
4182 0
4183 0
4184 0
4185 0
4186 0
4187 0
4188 0
4189 1
4190 0
4191 1
4192 0
4193 0
4194 1
4195 0
4196 0
4197 0
4198 0
4199 0
4200 0
4201 1
4202 0
4203 0
4204 0
4205 0
4206 0
4207 1
4208 1
4209 1
4210 0
4211 0
4212 0
4213 1
4214 3
4215 2
4216 0
4217 0
4218 3
4219 1
4220 1
4221 0
4222 0
4223 1
4224 1
4225 1
4226 1
4227 2
4228 2
4229 2
4230 1
4231 2
4232 0
4233 1
4234 3
4235 3
4236 6
4237 2
4238 2
4239 4
4240 7
4241 4
4242 2
4243 2
4244 5
4245 5
4246 2
4247 5
4248 5
4249 5
4250 2
4251 3
4252 6
4253 3
4254 3
4255 4
4256 2
4257 2
4258 4
4259 3
4260 1
4261 1
4262 2
4263 1
4264 3
4265 0
4266 0
4267 0
4268 0
4269 1
4270 0
4271 3
4272 3
4273 3
4274 1
4275 2
4276 1
4277 3
4278 1
4279 3
4280 2
4281 1
4282 3
4283 5
4284 3
4285 1
4286 0
4287 1
4288 2
4289 2
4290 3
4291 1
4292 1
4293 3
4294 1
4295 2
4296 0
4297 1
4298 3
4299 1
4300 0
4301 3
4302 3
4303 2
4304 0
4305 2
4306 0
4307 1
4308 3
4309 2
4310 2
4311 1
4312 3
4313 0
4314 3
4315 3
4316 1
4317 1
4318 1
4319 2
4320 2
4321 2
4322 0
4323 2
4324 4
4325 2
4326 2
4327 5
4328 0
4329 3
4330 6
4331 2
4332 6
4333 4
4334 4
4335 4
4336 8
4337 2
4338 3
4339 2
4340 6
4341 5
4342 2
4343 2
4344 4
4345 2
4346 5
4347 0
4348 1
4349 3
4350 3
4351 0
4352 2
4353 3
4354 3
4355 4
4356 1
4357 4
4358 1
4359 5
4360 0
4361 5
4362 4
4363 2
4364 3
4365 0
4366 2
4367 4
4368 3
4369 9
4370 0
4371 3
4372 5
4373 3
4374 3
4375 1
4376 2
4377 3
4378 2
4379 5
4380 3
4381 4
4382 3
4383 0
4384 3
4385 2
4386 2
4387 2
4388 3
4389 0
4390 2
4391 1
4392 0
4393 1
4394 1
4395 3
4396 2
4397 1
4398 1
4399 1
4400 1
4401 2
4402 2
4403 3
4404 1
4405 3
4406 1
4407 1
4408 1
4409 0
4410 1
4411 0
4412 0
4413 1
4414 1
4415 2
4416 1
4417 0
4418 2
4419 2
4420 0
4421 1
4422 0
4423 0
4424 0
4425 1
4426 0
4427 2
4428 0
4429 0
4430 1
4431 1
4432 0
4433 0
4434 0
4435 0
4436 0
4437 0
4438 1
4439 0
4440 0
4441 0
4442 0
4443 1
4444 0
4445 0
4446 1
4447 0
4448 0
4449 0
4450 0
4451 0
4452 0
4453 0
4454 1
4455 1
4456 1
4457 0
4458 0
4459 1
4460 0
4461 0
4462 0
4463 0
4464 0
4465 1
4466 0
4467 1
4468 2
4469 0
4470 0
4471 0
4472 1
4473 0
4474 0
4475 0
4476 0
4477 1
4478 0
4479 1
4480 0
4481 2
4482 2
4483 0
4484 2
4485 0
4486 2
4487 2
4488 0
4489 3
4490 2
4491 3
4492 1
4493 1
4494 0
4495 0
4496 1
4497 3
4498 3
4499 2
4500 0
4501 3
4502 0
4503 2
4504 2
4505 1
4506 0
4507 2
4508 3
4509 1
4510 1
4511 2
4512 2
4513 1
4514 1
4515 4
4516 3
4517 3
4518 1
4519 3
4520 2
4521 0
4522 2
4523 2
4524 2
4525 1
4526 3
4527 6
4528 4
4529 4
4530 4
4531 2
4532 2
4533 1
4534 4
4535 6
4536 3
4537 4
4538 3
4539 0
4540 2
4541 3
4542 2
4543 3
4544 2
4545 2
4546 2
4547 3
4548 2
4549 3
4550 1
4551 3
4552 2
4553 1
4554 2
4555 3
4556 2
4557 1
4558 6
4559 3
4560 2
4561 1
4562 2
4563 3
4564 1
4565 4
4566 7
4567 2
4568 0
4569 3
4570 4
4571 5
4572 4
4573 2
4574 3
4575 3
4576 1
4577 2
4578 1
4579 3
4580 1
4581 1
4582 1
4583 0
4584 0
4585 2
4586 2
4587 4
4588 2
4589 2
4590 1
4591 2
4592 1
4593 1
4594 1
4595 1
4596 1
4597 1
4598 1
4599 2
4600 2
4601 2
4602 0
4603 3
4604 1
4605 3
4606 1
4607 1
4608 0
4609 1
4610 1
4611 1
4612 1
4613 1
4614 3
4615 2
4616 1
4617 3
4618 0
4619 1
4620 1
4621 3
4622 2
4623 1
4624 3
4625 2
4626 0
4627 2
4628 1
4629 1
4630 0
4631 2
4632 1
4633 1
4634 1
4635 1
4636 2
4637 2
4638 2
4639 1
4640 0
4641 1
4642 1
4643 0
4644 0
4645 3
4646 2
4647 4
4648 2
4649 4
4650 5
4651 1
4652 2
4653 1
4654 3
4655 3
4656 4
4657 1
4658 4
4659 5
4660 4
4661 7
4662 4
4663 4
4664 5
4665 7
4666 5
4667 2
4668 1
4669 5
4670 1
4671 1
4672 2
4673 4
4674 2
4675 6
4676 2
4677 2
4678 2
4679 2
4680 3
4681 4
4682 1
4683 1
4684 3
4685 1
4686 0
4687 1
4688 2
4689 3
4690 1
4691 1
4692 2
4693 2
4694 2
4695 0
4696 0
4697 1
4698 1
4699 1
4700 2
4701 1
4702 3
4703 1
4704 0
4705 3
4706 1
4707 1
4708 2
4709 2
4710 0
4711 1
4712 0
4713 0
4714 1
4715 0
4716 0
4717 2
4718 1
4719 2
4720 1
4721 0
4722 1
4723 0
4724 0
4725 1
4726 1
4727 0
4728 1
4729 0
4730 1
4731 0
4732 0
4733 0
4734 0
4735 1
4736 0
4737 0
4738 1
4739 1
4740 0
4741 0
4742 0
4743 0
4744 1
4745 0
4746 0
4747 1
4748 0
4749 0
4750 0
4751 0
4752 0
4753 0
4754 1
4755 1
4756 0
4757 0
4758 0
4759 0
4760 0
4761 0
4762 0
4763 0
4764 0
4765 0
4766 0
4767 0
4768 0
4769 0
4770 0
4771 0
4772 0
4773 1
4774 0
4775 0
4776 0
4777 1
4778 0
4779 0
4780 0
4781 0
4782 1
4783 0
4784 0
4785 0
4786 2
4787 0
4788 0
4789 0
4790 1
4791 0
4792 1
4793 1
4794 0
4795 0
4796 0
4797 0
4798 1
4799 1
4800 0
4801 0
4802 1
4803 3
4804 0
4805 2
4806 1
4807 1
4808 0
4809 2
4810 1
4811 0
4812 0
4813 0
4814 0
4815 0
4816 1
4817 0
4818 0
4819 2
4820 0
4821 0
4822 1
4823 0
4824 2
4825 0
4826 1
4827 0
4828 1
4829 0
4830 1
4831 0
4832 2
4833 1
4834 1
4835 1
4836 1
4837 0
4838 0
4839 0
4840 1
4841 0
4842 0
4843 0
4844 1
4845 0
4846 0
4847 0
4848 0
4849 1
4850 1
4851 3
4852 4
4853 1
4854 4
4855 3
4856 2
4857 3
4858 3
4859 3
4860 4
4861 5
4862 7
4863 3
4864 4
4865 4
4866 7
4867 1
4868 3
4869 4
4870 4
4871 3
4872 8
4873 4
4874 4
4875 10
4876 1
4877 4
4878 1
4879 3
4880 0
4881 4
4882 2
4883 2
4884 3
4885 2
4886 2
4887 1
4888 2
4889 1
4890 0
4891 6
4892 0
4893 2
4894 2
4895 6
4896 2
4897 2
4898 2
4899 3
4900 1
4901 7
4902 5
4903 0
4904 4
4905 5
4906 4
4907 4
4908 8
4909 1
4910 6
4911 0
4912 3
4913 3
4914 3
4915 1
4916 2
4917 0
4918 4
4919 4
4920 2
4921 3
4922 0
4923 0
4924 1
4925 3
4926 1
4927 0
4928 0
4929 0
4930 3
4931 1
4932 5
4933 3
4934 7
4935 0
4936 2
4937 3
4938 6
4939 2
4940 2
4941 5
4942 6
4943 2
4944 4
4945 3
4946 0
4947 3
4948 5
4949 4
4950 0
4951 1
4952 2
4953 0
4954 3
4955 1
4956 1
4957 0
4958 0
4959 0
4960 0
4961 1
4962 0
4963 4
4964 2
4965 0
4966 0
4967 0
4968 0
4969 1
4970 1
4971 0
4972 0
4973 0
4974 1
4975 2
4976 1
4977 0
4978 0
4979 1
4980 2
4981 0
4982 1
4983 0
4984 0
4985 2
4986 0
4987 0
4988 2
4989 1
4990 1
4991 1
4992 0
4993 0
4994 1
4995 1
4996 1
4997 1
4998 0
4999 1
5000 1
5001 1
5002 3
5003 1
5004 1
5005 0
5006 2
5007 0
5008 1
5009 1
5010 0
5011 0
5012 1
5013 0
5014 0
5015 1
5016 0
5017 0
5018 1
5019 1
5020 5
5021 0
5022 2
5023 1
5024 1
5025 1
5026 1
5027 2
5028 1
5029 1
5030 1
5031 0
5032 3
5033 0
5034 1
5035 1
5036 0
5037 1
5038 5
5039 1
5040 1
5041 2
5042 1
5043 0
5044 0
5045 1
5046 2
5047 4
5048 2
5049 4
5050 4
5051 5
5052 4
5053 0
5054 3
5055 3
5056 3
5057 0
5058 3
5059 2
5060 3
5061 5
5062 0
5063 2
5064 2
5065 1
5066 3
5067 2
5068 1
5069 4
5070 1
5071 1
5072 1
5073 1
5074 3
5075 0
5076 5
5077 0
5078 3
5079 2
5080 2
5081 1
5082 3
5083 2
5084 2
5085 1
5086 0
5087 2
5088 0
5089 2
5090 1
5091 0
5092 0
5093 3
5094 1
5095 1
5096 1
5097 0
5098 4
5099 1
5100 3
5101 1
5102 1
5103 0
5104 1
5105 2
5106 1
5107 0
5108 0
5109 1
5110 1
5111 1
5112 2
5113 0
5114 0
5115 0
5116 0
5117 1
5118 1
5119 0
5120 0
5121 1
5122 1
5123 1
5124 0
5125 1
5126 0
5127 0
5128 1
5129 0
5130 0
5131 0
5132 0
5133 0
5134 0
5135 0
5136 1
5137 0
5138 0
5139 0
5140 1
5141 0
5142 0
5143 0
5144 0
5145 0
5146 0
5147 0
5148 1
5149 0
5150 0
5151 0
5152 0
5153 0
5154 0
5155 0
5156 0
5157 0
5158 1
5159 0
5160 0
5161 0
5162 0
5163 0
5164 0
5165 0
5166 0
5167 0
5168 0
5169 0
5170 0
5171 0
5172 0
5173 0
5174 0
5175 0
5176 0
5177 2
5178 0
5179 0
5180 1
5181 0
5182 0
5183 0
5184 0
5185 0
5186 0
5187 2
5188 3
5189 0
5190 2
5191 2
5192 0
5193 1
5194 1
5195 2
5196 3
5197 2
5198 1
5199 8
5200 3
5201 1
5202 1
5203 7
5204 4
5205 5
5206 7
5207 7
5208 3
5209 3
5210 6
5211 10
5212 6
5213 7
5214 3
5215 6
5216 2
5217 3
5218 1
5219 2
5220 2
5221 1
5222 1
5223 4
5224 6
5225 3
5226 2
5227 0
5228 1
5229 1
5230 0
5231 0
5232 2
5233 2
5234 3
5235 3
5236 0
5237 2
5238 3
5239 2
5240 2
5241 4
5242 2
5243 4
5244 7
5245 3
5246 4
5247 4
5248 2
5249 5
5250 4
5251 2
5252 2
5253 3
5254 4
5255 1
5256 4
5257 2
5258 1
5259 4
5260 2
5261 2
5262 1
5263 1
5264 0
5265 4
5266 0
5267 3
5268 2
5269 0
5270 0
5271 4
5272 0
5273 1
5274 0
5275 3
5276 0
5277 3
5278 0
5279 1
5280 1
5281 3
5282 1
5283 2
5284 0
5285 0
5286 2
5287 0
5288 0
5289 4
5290 1
5291 1
5292 3
5293 2
5294 0
5295 3
5296 2
5297 1
5298 0
5299 1
5300 1
5301 1
5302 0
5303 1
5304 1
5305 0
5306 0
5307 2
5308 1
5309 0
5310 1
5311 3
5312 1
5313 0
5314 0
5315 2
5316 2
5317 0
5318 2
5319 1
5320 4
5321 3
5322 1
5323 1
5324 2
5325 7
5326 3
5327 5
5328 1
5329 3
5330 4
5331 3
5332 4
5333 5
5334 1
5335 5
5336 2
5337 3
5338 3
5339 3
5340 2
5341 5
5342 2
5343 3
5344 2
5345 4
5346 1
5347 4
5348 2
5349 3
5350 2
5351 1
5352 1
5353 4
5354 0
5355 1
5356 1
5357 2
5358 3
5359 2
5360 1
5361 2
5362 1
5363 0
5364 1
5365 0
5366 0
5367 0
5368 1
5369 2
5370 0
5371 0
5372 1
5373 0
5374 0
5375 0
5376 1
5377 2
5378 0
5379 3
5380 0
5381 0
5382 0
5383 2
5384 1
5385 1
5386 1
5387 1
5388 0
5389 2
5390 2
5391 0
5392 0
5393 2
5394 1
5395 0
5396 0
5397 0
5398 0
5399 0
5400 0
5401 0
5402 0
5403 0
5404 1
5405 1
5406 1
5407 2
5408 1
5409 0
5410 0
5411 2
5412 1
5413 1
5414 1
5415 0
5416 0
5417 0
5418 2
5419 2
5420 0
5421 2
5422 1
5423 1
5424 2
5425 4
5426 0
5427 0
5428 2
5429 0
5430 0
5431 2
5432 1
5433 2
5434 1
5435 2
5436 2
5437 1
5438 5
5439 5
5440 3
5441 3
5442 4
5443 2
5444 2
5445 0
5446 2
5447 2
5448 5
5449 2
5450 4
5451 2
5452 2
5453 3
5454 2
5455 1
5456 1
5457 2
5458 2
5459 4
5460 2
5461 1
5462 1
5463 0
5464 1
5465 0
5466 1
5467 1
5468 1
5469 0
5470 0
5471 1
5472 1
5473 0
5474 2
5475 2
5476 2
5477 2
5478 0
5479 0
5480 0
5481 1
5482 1
5483 1
5484 0
5485 0
5486 0
5487 0
5488 0
5489 0
5490 0
5491 0
5492 0
5493 0
5494 0
5495 0
5496 0
5497 0
5498 0
5499 0
5500 0
5501 0
5502 0
5503 1
5504 0
5505 0
5506 0
5507 0
5508 0
5509 0
5510 0
5511 0
5512 0
5513 0
5514 0
5515 0
5516 0
5517 0
5518 0
5519 1
5520 0
5521 0
5522 0
5523 0
5524 0
5525 0
5526 1
5527 3
5528 0
5529 0
5530 0
5531 0
5532 1
5533 1
5534 0
5535 3
5536 3
5537 2
5538 3
5539 5
5540 8
5541 11
5542 5
5543 6
5544 9
5545 12
5546 8
5547 7
5548 4
5549 6
5550 9
5551 6
5552 2
5553 6
5554 2
5555 2
5556 1
5557 1
5558 0
5559 0
5560 1
5561 1
5562 0
5563 1
5564 0
5565 1
5566 1
5567 1
5568 0
5569 0
5570 1
5571 2
5572 0
5573 2
5574 5
5575 3
5576 4
5577 1
5578 5
5579 0
5580 2
5581 1
5582 3
5583 4
5584 1
5585 4
5586 5
5587 1
5588 1
5589 0
5590 4
5591 4
5592 3
5593 0
5594 1
5595 1
5596 0
5597 1
5598 0
5599 0
5600 0
5601 0
5602 0
5603 1
5604 0
5605 1
5606 0
5607 0
5608 0
5609 0
5610 0
5611 0
5612 0
5613 0
5614 0
5615 0
5616 0
5617 0
5618 0
5619 0
5620 0
5621 0
5622 0
5623 0
5624 0
5625 0
5626 0
5627 0
5628 0
5629 0
5630 0
5631 0
5632 0
5633 0
5634 0
5635 0
5636 0
5637 0
5638 0
5639 0
5640 0
5641 0
5642 0
5643 0
5644 0
5645 0
5646 0
5647 0
5648 0
5649 0
5650 0
5651 0
5652 0
5653 1
5654 0
5655 2
5656 2
5657 1
5658 0
5659 1
5660 0
5661 2
5662 0
5663 3
5664 3
5665 4
5666 3
5667 6
5668 4
5669 3
5670 6
5671 8
5672 3
5673 5
5674 0
5675 3
5676 6
5677 3
5678 2
5679 3
5680 2
5681 5
5682 1
5683 3
5684 3
5685 1
5686 1
5687 4
5688 4
5689 1
5690 1
5691 1
5692 0
5693 4
5694 1
5695 1
5696 0
5697 0
5698 0
5699 0
5700 0
5701 0
5702 0
5703 0
5704 0
5705 1
5706 0
5707 1
5708 0
5709 1
5710 0
5711 0
5712 0
5713 0
5714 0
5715 0
5716 0
5717 0
5718 0
5719 0
5720 0
5721 0
5722 0
5723 0
5724 0
5725 0
5726 0
5727 0
5728 0
5729 0
5730 0
5731 0
5732 0
5733 0
5734 0
5735 0
5736 0
5737 0
5738 0
5739 0
5740 0
5741 0
5742 0
5743 0
5744 0
5745 0
5746 0
5747 0
5748 0
5749 1
5750 0
5751 0
5752 0
5753 0
5754 0
5755 0
5756 0
5757 1
5758 0
5759 0
5760 0
5761 0
5762 0
5763 0
5764 1
5765 2
5766 1
5767 2
5768 1
5769 3
5770 4
5771 3
5772 3
5773 2
5774 3
5775 2
5776 8
5777 7
5778 8
5779 11
5780 5
5781 6
5782 4
5783 4
5784 7
5785 5
5786 6
5787 3
5788 4
5789 1
5790 2
5791 5
5792 4
5793 2
5794 2
5795 0
5796 1
5797 1
5798 1
5799 1
5800 0
5801 0
5802 0
5803 0
5804 1
5805 3
5806 1
5807 0
5808 3
5809 0
5810 0
5811 2
5812 1
5813 0
5814 3
5815 1
5816 0
5817 4
5818 3
5819 2
5820 0
5821 0
5822 2
5823 0
5824 1
5825 2
5826 1
5827 0
5828 1
5829 0
5830 0
5831 0
5832 0
5833 0
5834 0
5835 0
5836 0
5837 0
5838 0
5839 1
5840 1
5841 0
5842 0
5843 0
5844 0
5845 0
5846 0
5847 1
5848 0
5849 0
5850 0
5851 0
5852 0
5853 0
5854 0
5855 0
5856 1
5857 0
5858 1
5859 0
5860 0
5861 0
5862 0
5863 0
5864 0
5865 0
5866 0
5867 0
5868 0
5869 0
5870 1
5871 0
5872 0
5873 0
5874 0
5875 0
5876 1
5877 1
5878 1
5879 3
5880 2
5881 1
5882 0
5883 2
5884 0
5885 4
5886 4
5887 5
5888 6
5889 2
5890 5
5891 4
5892 9
5893 7
5894 7
5895 8
5896 6
5897 3
5898 4
5899 6
5900 4
5901 6
5902 3
5903 3
5904 2
5905 3
5906 2
5907 2
5908 1
5909 3
5910 1
5911 1
5912 1
5913 1
5914 1
5915 1
5916 0
5917 2
5918 0
5919 1
5920 1
5921 4
5922 0
5923 0
5924 1
5925 1
5926 2
5927 4
5928 2
5929 2
5930 2
5931 4
5932 0
5933 2
5934 2
5935 2
5936 7
5937 1
5938 2
5939 1
5940 1
5941 2
5942 3
5943 2
5944 6
5945 1
5946 0
5947 1
5948 1
5949 1
5950 1
5951 0
5952 0
5953 1
5954 0
5955 2
5956 1
5957 1
5958 0
5959 0
5960 0
5961 1
5962 0
5963 0
5964 0
5965 0
5966 0
5967 0
5968 1
5969 1
5970 0
5971 1
5972 0
5973 0
5974 0
5975 1
5976 0
5977 0
5978 0
5979 0
5980 0
5981 0
5982 0
5983 0
5984 0
5985 0
5986 0
5987 1
5988 0
5989 0
5990 0
5991 0
5992 0
5993 0
5994 0
5995 0
5996 0
5997 0
5998 0
5999 0
6000 1
6001 0
6002 0
6003 0
6004 1
6005 0
6006 0
6007 0
6008 0
6009 0
6010 0
6011 0
6012 1
6013 0
6014 0
6015 0
6016 0
6017 0
6018 0
6019 0
6020 0
6021 0
6022 0
6023 0
6024 0
6025 0
6026 0
6027 0
6028 0
6029 0
6030 0
6031 0
6032 0
6033 0
6034 0
6035 0
6036 0
6037 0
6038 1
6039 0
6040 0
6041 1
6042 0
6043 1
6044 1
6045 0
6046 1
6047 2
6048 2
6049 1
6050 2
6051 1
6052 2
6053 5
6054 4
6055 10
6056 4
6057 4
6058 10
6059 7
6060 12
6061 11
6062 7
6063 5
6064 1
6065 5
6066 5
6067 8
6068 3
6069 2
6070 1
6071 4
6072 1
6073 1
6074 2
6075 0
6076 3
6077 2
6078 0
6079 0
6080 0
6081 1
6082 0
6083 0
6084 0
6085 2
6086 3
6087 0
6088 1
6089 3
6090 4
6091 6
6092 4
6093 2
6094 2
6095 8
6096 8
6097 2
6098 2
6099 4
6100 3
6101 3
6102 3
6103 4
6104 3
6105 3
6106 2
6107 2
6108 3
6109 3
6110 1
6111 3
6112 2
6113 1
6114 2
6115 0
6116 0
6117 1
6118 1
6119 0
6120 0
6121 4
6122 1
6123 4
6124 0
6125 2
6126 5
6127 1
6128 1
6129 1
6130 0
6131 0
6132 0
6133 1
6134 1
6135 2
6136 1
6137 2
6138 2
6139 2
6140 3
6141 2
6142 1
6143 2
6144 1
6145 4
6146 2
6147 1
6148 1
6149 2
6150 3
6151 0
6152 1
6153 1
6154 3
6155 1
6156 2
6157 3
6158 4
6159 4
6160 0
6161 3
6162 4
6163 0
6164 4
6165 1
6166 4
6167 2
6168 3
6169 4
6170 2
6171 5
6172 4
6173 2
6174 3
6175 4
6176 1
6177 4
6178 5
6179 3
6180 4
6181 1
6182 3
6183 1
6184 2
6185 2
6186 4
6187 3
6188 2
6189 1
6190 1
6191 2
6192 1
6193 2
6194 2
6195 1
6196 0
6197 0
6198 1
6199 3
6200 1
6201 3
6202 0
6203 3
6204 1
6205 1
6206 1
6207 1
6208 1
6209 2
6210 0
6211 0
6212 2
6213 1
6214 3
6215 1
6216 2
6217 3
6218 0
6219 0
6220 0
6221 2
6222 0
6223 0
6224 0
6225 0
6226 0
6227 0
6228 1
6229 1
6230 0
6231 0
6232 0
6233 0
6234 0
6235 0
6236 0
6237 1
6238 4
6239 0
6240 0
6241 0
6242 1
6243 0
6244 1
6245 1
6246 0
6247 0
6248 0
6249 0
6250 0
6251 0
6252 0
6253 0
6254 0
6255 0
6256 1
6257 0
6258 1
6259 0
6260 0
6261 0
6262 1
6263 0
6264 1
6265 1
6266 0
6267 0
6268 0
6269 0
6270 1
6271 2
6272 1
6273 1
6274 4
6275 2
6276 1
6277 1
6278 2
6279 1
6280 5
6281 4
6282 1
6283 1
6284 0
6285 0
6286 4
6287 0
6288 4
6289 2
6290 2
6291 1
6292 1
6293 4
6294 2
6295 2
6296 1
6297 5
6298 2
6299 2
6300 2
6301 2
6302 1
6303 1
6304 0
6305 1
6306 2
6307 2
6308 0
6309 0
6310 2
6311 0
6312 0
6313 0
6314 0
6315 1
6316 1
6317 0
6318 0
6319 0
6320 0
6321 0
6322 1
6323 0
6324 0
6325 0
6326 0
6327 0
6328 0
6329 0
6330 0
6331 0
6332 0
6333 0
6334 0
6335 0
6336 0
6337 0
6338 0
6339 0
6340 0
6341 0
6342 0
6343 0
6344 0
6345 0
6346 0
6347 1
6348 0
6349 0
6350 0
6351 1
6352 0
6353 0
6354 0
6355 0
6356 0
6357 0
6358 0
6359 0
6360 0
6361 0
6362 0
6363 0
6364 0
6365 0
6366 0
6367 0
6368 0
6369 0
6370 0
6371 0
6372 0
6373 0
6374 0
6375 1
6376 0
6377 1
6378 0
6379 0
6380 0
6381 0
6382 1
6383 0
6384 0
6385 0
6386 0
6387 1
6388 2
6389 1
6390 0
6391 0
6392 0
6393 2
6394 1
6395 0
6396 1
6397 0
6398 2
6399 6
6400 3
6401 2
6402 2
6403 1
6404 0
6405 4
6406 2
6407 3
6408 2
6409 1
6410 3
6411 2
6412 1
6413 3
6414 0
6415 2
6416 2
6417 1
6418 1
6419 1
6420 0
6421 1
6422 0
6423 1
6424 1
6425 0
6426 1
6427 0
6428 0
6429 1
6430 0
6431 0
6432 0
6433 0
6434 0
6435 1
6436 0
6437 0
6438 0
6439 0
6440 1
6441 0
6442 0
6443 0
6444 0
6445 0
6446 1
6447 0
6448 0
6449 0
6450 1
6451 0
6452 0
6453 0
6454 0
6455 0
6456 0
6457 0
6458 0
6459 0
6460 0
6461 0
6462 0
6463 0
6464 0
6465 0
6466 0
6467 0
6468 0
6469 0
6470 0
6471 0
6472 1
6473 0
6474 0
6475 0
6476 0
6477 0
6478 0
6479 0
6480 0
6481 0
6482 0
6483 0
6484 0
6485 0
6486 0
6487 0
6488 0
6489 0
6490 0
6491 0
6492 0
6493 0
6494 0
6495 0
6496 0
6497 0
6498 0
6499 0
6500 0
6501 0
6502 0
6503 0
6504 1
6505 0
6506 0
6507 1
6508 0
6509 1
6510 0
6511 1
6512 1
6513 0
6514 1
6515 2
6516 0
6517 1
6518 0
6519 1
6520 1
6521 0
6522 0
6523 1
6524 0
6525 0
6526 2
6527 0
6528 0
6529 0
6530 0
6531 2
6532 2
6533 0
6534 0
6535 3
6536 0
6537 1
6538 1
6539 2
6540 1
6541 0
6542 0
6543 0
6544 1
6545 0
6546 0
6547 2
6548 1
6549 1
6550 0
6551 0
6552 0
6553 0
6554 2
6555 2
6556 0
6557 2
6558 0
6559 2
6560 2
6561 2
6562 1
6563 2
6564 1
6565 1
6566 2
6567 1
6568 2
6569 0
6570 3
6571 2
6572 1
6573 1
6574 3
6575 2
6576 1
6577 1
6578 1
6579 3
6580 2
6581 1
6582 5
6583 1
6584 3
6585 4
6586 1
6587 1
6588 2
6589 2
6590 3
6591 4
6592 0
6593 6
6594 4
6595 2
6596 1
6597 1
6598 4
6599 3
6600 4
6601 1
6602 2
6603 4
6604 2
6605 2
6606 4
6607 2
6608 1
6609 2
6610 3
6611 1
6612 0
6613 2
6614 3
6615 1
6616 1
6617 0
6618 3
6619 2
6620 1
6621 4
6622 1
6623 0
6624 0
6625 1
6626 1
6627 1
6628 1
6629 1
6630 2
6631 2
6632 2
6633 3
6634 0
6635 1
6636 1
6637 1
6638 2
6639 1
6640 0
6641 1
6642 1
6643 2
6644 2
6645 2
6646 1
6647 0
6648 1
6649 2
6650 0
6651 2
6652 1
6653 4
6654 1
6655 3
6656 4
6657 2
6658 1
6659 1
6660 2
6661 4
6662 1
6663 2
6664 3
6665 3
6666 1
6667 2
6668 2
6669 2
6670 6
6671 3
6672 3
6673 3
6674 6
6675 6
6676 6
6677 0
6678 6
6679 4
6680 4
6681 2
6682 2
6683 4
6684 3
6685 2
6686 2
6687 1
6688 2
6689 4
6690 4
6691 3
6692 4
6693 3
6694 2
6695 0
6696 5
6697 1
6698 4
6699 4
6700 2
6701 6
6702 2
6703 2
6704 0
6705 3
6706 3
6707 3
6708 0
6709 2
6710 2
6711 1
6712 2
6713 2
6714 3
6715 3
6716 1
6717 2
6718 3
6719 0
6720 3
6721 1
6722 0
6723 1
6724 3
6725 0
6726 0
6727 0
6728 2
6729 3
6730 0
6731 3
6732 0
6733 0
6734 2
6735 0
6736 2
6737 0
6738 1
6739 2
6740 0
6741 1
6742 0
6743 2
6744 0
6745 0
6746 0
6747 1
6748 0
6749 1
6750 1
6751 0
6752 0
6753 0
6754 1
6755 0
6756 0
6757 0
6758 0
6759 0
6760 0
6761 0
6762 1
6763 2
6764 1
6765 0
6766 1
6767 2
6768 2
6769 0
6770 1
6771 0
6772 1
6773 0
6774 0
6775 2
6776 2
6777 1
6778 0
6779 1
6780 2
6781 0
6782 1
6783 0
6784 2
6785 3
6786 2
6787 0
6788 0
6789 1
6790 3
6791 3
6792 4
6793 2
6794 1
6795 5
6796 5
6797 0
6798 5
6799 7
6800 3
6801 6
6802 1
6803 2
6804 7
6805 0
6806 3
6807 4
6808 2
6809 5
6810 3
6811 3
6812 2
6813 4
6814 1
6815 4
6816 2
6817 2
6818 1
6819 3
6820 3
6821 3
6822 2
6823 3
6824 2
6825 0
6826 1
6827 3
6828 2
6829 2
6830 0
6831 0
6832 4
6833 4
6834 2
6835 1
6836 2
6837 2
6838 3
6839 3
6840 5
6841 1
6842 2
6843 1
6844 1
6845 3
6846 0
6847 0
6848 1
6849 0
6850 1
6851 0
6852 1
6853 1
6854 1
6855 1
6856 0
6857 0
6858 2
6859 0
6860 0
6861 2
6862 1
6863 0
6864 1
6865 2
6866 0
6867 0
6868 1
6869 0
6870 0
6871 2
6872 0
6873 0
6874 1
6875 0
6876 1
6877 1
6878 0
6879 0
6880 0
6881 4
6882 2
6883 1
6884 2
6885 0
6886 1
6887 0
6888 1
6889 1
6890 0
6891 1
6892 0
6893 2
6894 1
6895 2
6896 2
6897 1
6898 2
6899 1
6900 1
6901 1
6902 3
6903 3
6904 1
6905 0
6906 1
6907 2
6908 4
6909 2
6910 3
6911 2
6912 2
6913 5
6914 5
6915 2
6916 3
6917 2
6918 1
6919 0
6920 1
6921 6
6922 4
6923 2
6924 8
6925 3
6926 2
6927 1
6928 2
6929 2
6930 1
6931 5
6932 4
6933 5
6934 1
6935 1
6936 2
6937 2
6938 6
6939 1
6940 2
6941 1
6942 4
6943 1
6944 2
6945 1
6946 4
6947 4
6948 4
6949 1
6950 4
6951 2
6952 1
6953 3
6954 5
6955 2
6956 3
6957 5
6958 7
6959 4
6960 3
6961 1
6962 1
6963 1
6964 4
6965 3
6966 3
6967 2
6968 3
6969 1
6970 2
6971 2
6972 1
6973 2
6974 3
6975 2
6976 2
6977 0
6978 1
6979 1
6980 1
6981 3
6982 5
6983 3
6984 1
6985 5
6986 1
6987 2
6988 6
6989 1
6990 4
6991 4
6992 3
6993 2
6994 2
6995 5
6996 2
6997 1
6998 1
6999 2
7000 2
7001 3
7002 1
7003 2
7004 3
7005 0
7006 3
7007 0
7008 2
7009 0
7010 1
7011 1
7012 1
7013 1
7014 3
7015 0
7016 1
7017 0
7018 0
7019 1
7020 1
7021 0
7022 1
7023 1
7024 0
7025 0
7026 0
7027 1
7028 0
7029 0
7030 0
7031 0
7032 1
7033 0
7034 0
7035 0
7036 2
7037 0
7038 0
7039 1
7040 1
7041 0
7042 0
7043 0
7044 1
7045 0
7046 0
7047 0
7048 0
7049 0
7050 0
7051 0
7052 1
7053 0
7054 0
7055 0
7056 0
7057 0
7058 0
7059 1
7060 0
7061 0
7062 0
7063 0
7064 0
7065 1
7066 0
7067 0
7068 0
7069 0
7070 0
7071 0
7072 1
7073 0
7074 1
7075 0
7076 1
7077 0
7078 0
7079 0
7080 0
7081 1
7082 0
7083 1
7084 0
7085 2
7086 0
7087 0
7088 2
7089 2
7090 4
7091 0
7092 2
7093 2
7094 0
7095 2
7096 2
7097 3
7098 4
7099 8
7100 4
7101 5
7102 2
7103 2
7104 3
7105 2
7106 3
7107 4
7108 1
7109 1
7110 6
7111 1
7112 2
7113 3
7114 0
7115 2
7116 1
7117 3
7118 5
7119 0
7120 3
7121 2
7122 2
7123 2
7124 2
7125 3
7126 0
7127 0
7128 4
7129 1
7130 1
7131 1
7132 1
7133 2
7134 0
7135 1
7136 1
7137 3
7138 1
7139 1
7140 2
7141 0
7142 2
7143 0
7144 1
7145 1
7146 0
7147 1
7148 1
7149 0
7150 0
7151 1
7152 0
7153 0
7154 2
7155 0
7156 1
7157 1
7158 0
7159 0
7160 1
7161 2
7162 2
7163 2
7164 0
7165 2
7166 4
7167 5
7168 2
7169 1
7170 3
7171 1
7172 1
7173 4
7174 2
7175 1
7176 2
7177 3
7178 7
7179 1
7180 3
7181 3
7182 7
7183 7
7184 5
7185 3
7186 4
7187 3
7188 7
7189 5
7190 3
7191 2
7192 2
7193 2
7194 5
7195 1
7196 5
7197 3
7198 2
7199 3
7200 3
7201 2
7202 1
7203 1
7204 1
7205 4
7206 1
7207 3
7208 1
7209 1
7210 4
7211 4
7212 4
7213 7
7214 2
7215 3
7216 1
7217 7
7218 3
7219 2
7220 2
7221 2
7222 2
7223 2
7224 2
7225 2
7226 4
7227 0
7228 5
7229 4
7230 4
7231 7
7232 1
7233 1
7234 1
7235 4
7236 2
7237 2
7238 2
7239 1
7240 3
7241 0
7242 3
7243 4
7244 1
7245 4
7246 4
7247 1
7248 2
7249 2
7250 3
7251 1
7252 4
7253 4
7254 3
7255 2
7256 4
7257 1
7258 3
7259 1
7260 2
7261 2
7262 4
7263 2
7264 4
7265 5
7266 3
7267 0
7268 3
7269 4
7270 6
7271 4
7272 1
7273 1
7274 1
7275 2
7276 2
7277 3
7278 0
7279 3
7280 2
7281 3
7282 3
7283 2
7284 3
7285 0
7286 2
7287 2
7288 2
7289 1
7290 0
7291 1
7292 1
7293 4
7294 1
7295 1
7296 2
7297 1
7298 5
7299 1
7300 1
7301 2
7302 3
7303 3
7304 5
7305 1
7306 1
7307 1
7308 3
7309 4
7310 6
7311 2
7312 1
7313 4
7314 3
7315 2
7316 2
7317 2
7318 3
7319 0
7320 1
7321 1
7322 2
7323 1
7324 0
7325 6
7326 1
7327 0
7328 0
7329 0
7330 1
7331 1
7332 0
7333 0
7334 0
7335 0
7336 0
7337 0
7338 4
7339 2
7340 3
7341 1
7342 0
7343 0
7344 1
7345 0
7346 1
7347 0
7348 0
7349 1
7350 0
7351 1
7352 1
7353 0
7354 2
7355 1
7356 0
7357 0
7358 1
7359 0
7360 1
7361 0
7362 1
7363 0
7364 0
7365 0
7366 0
7367 0
7368 0
7369 0
7370 0
7371 0
7372 1
7373 0
7374 1
7375 0
7376 0
7377 0
7378 0
7379 0
7380 0
7381 0
7382 0
7383 0
7384 0
7385 0
7386 0
7387 0
7388 0
7389 0
7390 0
7391 0
7392 0
7393 0
7394 0
7395 0
7396 0
7397 0
7398 0
7399 0
7400 1
7401 0
7402 0
7403 0
7404 0
7405 0
7406 0
7407 0
7408 1
7409 0
7410 0
7411 1
7412 0
7413 1
7414 1
7415 0
7416 1
7417 0
7418 1
7419 0
7420 1
7421 2
7422 1
7423 2
7424 1
7425 0
7426 1
7427 3
7428 2
7429 2
7430 4
7431 2
7432 1
7433 0
7434 3
7435 3
7436 2
7437 0
7438 3
7439 5
7440 2
7441 5
7442 1
7443 1
7444 0
7445 4
7446 1
7447 6
7448 3
7449 2
7450 0
7451 4
7452 2
7453 2
7454 8
7455 2
7456 2
7457 2
7458 4
7459 9
7460 5
7461 1
7462 3
7463 3
7464 3
7465 3
7466 3
7467 3
7468 5
7469 3
7470 0
7471 4
7472 2
7473 0
7474 2
7475 1
7476 1
7477 6
7478 2
7479 1
7480 5
7481 1
7482 4
7483 5
7484 1
7485 3
7486 1
7487 3
7488 2
7489 0
7490 2
7491 3
7492 5
7493 5
7494 4
7495 5
7496 2
7497 3
7498 7
7499 6
7500 2
7501 1
7502 4
7503 4
7504 3
7505 0
7506 3
7507 1
7508 1
7509 2
7510 3
7511 1
7512 6
7513 1
7514 6
7515 2
7516 3
7517 1
7518 2
7519 2
7520 1
7521 2
7522 2
7523 1
7524 0
7525 3
7526 2
7527 2
7528 3
7529 4
7530 3
7531 1
7532 2
7533 2
7534 5
7535 7
7536 2
7537 0
7538 1
7539 3
7540 2
7541 0
7542 1
7543 3
7544 0
7545 2
7546 0
7547 0
7548 3
7549 3
7550 0
7551 3
7552 0
7553 1
7554 1
7555 0
7556 1
7557 1
7558 3
7559 1
7560 0
7561 2
7562 1
7563 4
7564 2
7565 2
7566 1
7567 3
7568 0
7569 5
7570 1
7571 4
7572 3
7573 3
7574 6
7575 3
7576 3
7577 4
7578 0
7579 3
7580 6
7581 2
7582 4
7583 3
7584 3
7585 2
7586 4
7587 4
7588 4
7589 2
7590 3
7591 2
7592 5
7593 5
7594 2
7595 2
7596 2
7597 1
7598 2
7599 5
7600 2
7601 1
7602 0
7603 2
7604 1
7605 4
7606 2
7607 2
7608 4
7609 1
7610 5
7611 5
7612 4
7613 5
7614 4
7615 3
7616 4
7617 4
7618 0
7619 3
7620 3
7621 4
7622 2
7623 3
7624 4
7625 3
7626 1
7627 2
7628 2
7629 2
7630 1
7631 1
7632 0
7633 0
7634 4
7635 1
7636 1
7637 1
7638 1
7639 2
7640 1
7641 3
7642 2
7643 0
7644 0
7645 3
7646 1
7647 0
7648 1
7649 1
7650 1
7651 2
7652 0
7653 2
7654 1
7655 1
7656 0
7657 0
7658 0
7659 0
7660 2
7661 1
7662 1
7663 0
7664 0
7665 1
7666 0
7667 1
7668 0
7669 1
7670 0
7671 0
7672 1
7673 0
7674 1
7675 1
7676 0
7677 2
7678 1
7679 1
7680 0
7681 0
7682 3
7683 0
7684 0
7685 0
7686 0
7687 1
7688 1
7689 0
7690 0
7691 0
7692 0
7693 0
7694 0
7695 0
7696 0
7697 1
7698 0
7699 1
7700 0
7701 2
7702 5
7703 1
7704 0
7705 1
7706 0
7707 2
7708 4
7709 2
7710 3
7711 6
7712 1
7713 4
7714 5
7715 2
7716 3
7717 3
7718 2
7719 2
7720 6
7721 2
7722 2
7723 4
7724 6
7725 2
7726 4
7727 1
7728 6
7729 6
7730 1
7731 1
7732 2
7733 1
7734 2
7735 0
7736 3
7737 0
7738 0
7739 1
7740 1
7741 1
7742 0
7743 1
7744 1
7745 0
7746 0
7747 0
7748 0
7749 1
7750 1
7751 1
7752 1
7753 2
7754 0
7755 0
7756 1
7757 1
7758 0
7759 1
7760 0
7761 0
7762 0
7763 0
7764 0
7765 0
7766 0
7767 0
7768 0
7769 0
7770 0
7771 0
7772 0
7773 0
7774 0
7775 0
7776 0
7777 0
7778 0
7779 0
7780 0
7781 0
7782 0
7783 1
7784 0
7785 0
7786 0
7787 0
7788 0
7789 0
7790 0
7791 0
7792 0
7793 0
7794 0
7795 0
7796 0
7797 0
7798 0
7799 0
7800 0
7801 0
7802 0
7803 0
7804 0
7805 0
7806 0
7807 0
7808 0
7809 0
7810 0
7811 0
7812 2
7813 1
7814 2
7815 1
7816 3
7817 3
7818 1
7819 2
7820 2
7821 1
7822 2
7823 3
7824 4
7825 4
7826 1
7827 6
7828 4
7829 5
7830 5
7831 5
7832 4
7833 3
7834 4
7835 5
7836 1
7837 4
7838 3
7839 1
7840 3
7841 2
7842 3
7843 2
7844 3
7845 1
7846 0
7847 3
7848 3
7849 0
7850 2
7851 3
7852 2
7853 1
7854 1
7855 2
7856 0
7857 0
7858 0
7859 1
7860 2
7861 2
7862 1
7863 0
7864 2
7865 1
7866 0
7867 1
7868 1
7869 1
7870 0
7871 1
7872 0
7873 0
7874 2
7875 0
7876 0
7877 0
7878 0
7879 0
7880 0
7881 0
7882 0
7883 0
7884 0
7885 0
7886 0
7887 0
7888 0
7889 0
7890 0
7891 0
7892 0
7893 0
7894 0
7895 0
7896 0
7897 0
7898 0
7899 0
7900 0
7901 0
7902 1
7903 0
7904 0
7905 0
7906 0
7907 0
7908 1
7909 1
7910 0
7911 1
7912 0
7913 1
7914 0
7915 0
7916 0
7917 0
7918 1
7919 1
7920 1
7921 0
7922 1
7923 0
7924 2
7925 1
7926 2
7927 3
7928 1
7929 2
7930 7
7931 3
7932 4
7933 8
7934 5
7935 5
7936 11
7937 2
7938 2
7939 2
7940 4
7941 9
7942 7
7943 6
7944 6
7945 5
7946 3
7947 2
7948 3
7949 3
7950 1
7951 2
7952 2
7953 1
7954 4
7955 3
7956 1
7957 0
7958 2
7959 0
7960 2
7961 1
7962 2
7963 1
7964 1
7965 1
7966 0
7967 0
7968 2
7969 2
7970 1
7971 3
7972 3
7973 4
7974 0
7975 3
7976 2
7977 0
7978 2
7979 2
7980 0
7981 0
7982 0
7983 0
7984 0
7985 1
7986 3
7987 0
7988 0
7989 2
7990 2
7991 0
7992 2
7993 2
7994 0
7995 1
7996 1
7997 0
7998 0
7999 1
8000 1
8001 1
8002 0
8003 0
8004 0
8005 0
8006 1
8007 1
8008 4
8009 0
8010 1
8011 2
8012 0
8013 0
8014 2
8015 0
8016 2
8017 1
8018 1
8019 0
8020 0
8021 1
8022 2
8023 1
8024 4
8025 1
8026 1
8027 1
8028 3
8029 1
8030 2
8031 3
8032 0
8033 1
8034 0
8035 2
8036 2
8037 6
8038 2
8039 1
8040 4
8041 0
8042 6
8043 10
8044 5
8045 5
8046 4
8047 5
8048 3
8049 2
8050 3
8051 1
8052 3
8053 5
8054 3
8055 5
8056 3
8057 1
8058 2
8059 2
8060 2
8061 4
8062 0
8063 1
8064 2
8065 2
8066 0
8067 0
8068 1
8069 0
8070 1
8071 0
8072 4
8073 3
8074 0
8075 1
8076 2
8077 1
8078 1
8079 0
8080 3
8081 2
8082 1
8083 1
8084 0
8085 0
8086 1
8087 1
8088 0
8089 0
8090 0
8091 0
8092 1
8093 1
8094 1
8095 0
8096 2
8097 0
8098 0
8099 1
8100 1
8101 0
8102 0
8103 1
8104 0
8105 0
8106 0
8107 0
8108 0
8109 0
8110 0
8111 0
8112 0
8113 0
8114 0
8115 0
8116 0
8117 1
8118 0
8119 0
8120 0
8121 0
8122 0
8123 0
8124 0
8125 0
8126 0
8127 0
8128 0
8129 0
8130 0
8131 0
8132 0
8133 0
8134 0
8135 0
8136 0
8137 0
8138 1
8139 0
8140 0
8141 1
8142 0
8143 1
8144 0
8145 1
8146 2
8147 0
8148 0
8149 4
8150 0
8151 0
8152 0
8153 1
8154 1
8155 0
8156 1
8157 1
8158 1
8159 1
8160 1
8161 0
8162 1
8163 1
8164 2
8165 2
8166 2
8167 2
8168 2
8169 1
8170 0
8171 2
8172 2
8173 1
8174 3
8175 0
8176 2
8177 3
8178 1
8179 3
8180 0
8181 1
8182 1
8183 4
8184 1
8185 0
8186 2
8187 2
8188 3
8189 1
8190 1
8191 2
8192 0
8193 1
8194 0
8195 2
8196 3
8197 1
8198 1
8199 1
8200 0
8201 1
8202 2
8203 0
8204 2
8205 1
8206 0
8207 0
8208 1
8209 1
8210 0
8211 0
8212 0
8213 0
8214 0
8215 0
8216 0
8217 2
8218 3
8219 0
8220 1
8221 1
8222 0
8223 0
8224 1
8225 0
8226 0
8227 0
8228 1
8229 0
8230 0
8231 0
8232 0
8233 0
8234 2
8235 2
8236 1
8237 0
8238 0
8239 1
8240 3
8241 2
8242 1
8243 1
8244 3
8245 4
8246 4
8247 1
8248 5
8249 1
8250 1
8251 3
8252 4
8253 1
8254 3
8255 1
8256 0
8257 2
8258 2
8259 4
8260 1
8261 5
8262 3
8263 5
8264 5
8265 2
8266 3
8267 1
8268 7
8269 3
8270 3
8271 2
8272 4
8273 1
8274 3
8275 2
8276 5
8277 3
8278 0
8279 0
8280 2
8281 4
8282 3
8283 4
8284 3
8285 1
8286 2
8287 3
8288 9
8289 3
8290 1
8291 4
8292 1
8293 2
8294 2
8295 2
8296 3
8297 3
8298 2
8299 2
8300 1
8301 2
8302 1
8303 5
8304 2
8305 4
8306 0
8307 1
8308 5
8309 3
8310 5
8311 3
8312 3
8313 3
8314 2
8315 1
8316 4
8317 2
8318 0
8319 1
8320 2
8321 0
8322 3
8323 1
8324 3
8325 2
8326 1
8327 1
8328 0
8329 1
8330 2
8331 3
8332 2
8333 2
8334 1
8335 1
8336 2
8337 1
8338 3
8339 3
8340 2
8341 2
8342 1
8343 3
8344 0
8345 0
8346 0
8347 4
8348 0
8349 0
8350 0
8351 1
8352 3
8353 0
8354 0
8355 2
8356 1
8357 2
8358 0
8359 0
8360 0
8361 0
8362 0
8363 1
8364 0
8365 2
8366 1
8367 0
8368 0
8369 0
8370 0
8371 0
8372 0
8373 0
8374 1
8375 0
8376 1
8377 2
8378 1
8379 0
8380 0
8381 0
8382 1
8383 0
8384 1
8385 0
8386 1
8387 0
8388 0
8389 2
8390 0
8391 0
8392 0
8393 1
8394 0
8395 0
8396 0
8397 0
8398 0
8399 0
8400 0
8401 0
8402 0
8403 0
8404 0
8405 0
8406 0
8407 0
8408 0
8409 0
8410 0
8411 1
8412 1
8413 0
8414 0
8415 0
8416 0
8417 1
8418 1
8419 2
8420 0
8421 0
8422 0
8423 1
8424 2
8425 2
8426 1
8427 0
8428 1
8429 0
8430 1
8431 1
8432 0
8433 1
8434 0
8435 1
8436 0
8437 1
8438 3
8439 0
8440 1
8441 2
8442 0
8443 0
8444 0
8445 0
8446 0
8447 1
8448 0
8449 1
8450 0
8451 0
8452 1
8453 0
8454 0
8455 1
8456 0
8457 1
8458 0
8459 0
8460 2
8461 1
8462 0
8463 2
8464 0
8465 1
8466 0
8467 0
8468 1
8469 0
8470 1
8471 0
8472 1
8473 0
8474 0
8475 0
8476 0
8477 0
8478 1
8479 0
8480 0
8481 2
8482 0
8483 0
8484 1
8485 0
8486 0
8487 0
8488 0
8489 0
8490 0
8491 0
8492 0
8493 0
8494 0
8495 0
8496 0
8497 0
8498 0
8499 0
8500 0
8501 0
8502 0
8503 0
8504 0
8505 1
8506 0
8507 0
8508 0
8509 0
8510 0
8511 0
8512 1
8513 0
8514 0
8515 0
8516 0
8517 0
8518 0
8519 0
8520 0
8521 2
8522 0
8523 2
8524 0
8525 1
8526 1
8527 0
8528 0
8529 2
8530 5
8531 4
8532 6
8533 0
8534 4
8535 4
8536 2
8537 3
8538 3
8539 4
8540 8
8541 12
8542 6
8543 7
8544 4
8545 6
8546 7
8547 5
8548 5
8549 6
8550 2
8551 5
8552 2
8553 0
8554 2
8555 3
8556 1
8557 1
8558 1
8559 1
8560 2
8561 2
8562 1
8563 0
8564 0
8565 0
8566 1
8567 3
8568 3
8569 4
8570 2
8571 2
8572 1
8573 5
8574 3
8575 0
8576 3
8577 2
8578 2
8579 2
8580 5
8581 3
8582 8
8583 4
8584 2
8585 3
8586 3
8587 4
8588 2
8589 0
8590 3
8591 1
8592 5
8593 1
8594 4
8595 2
8596 1
8597 2
8598 1
8599 1
8600 1
8601 2
8602 4
8603 1
8604 0
8605 2
8606 2
8607 2
8608 1
8609 3
8610 2
8611 3
8612 3
8613 1
8614 1
8615 2
8616 0
8617 1
8618 0
8619 1
8620 2
8621 1
8622 3
8623 1
8624 2
8625 4
8626 2
8627 0
8628 1
8629 2
8630 1
8631 3
8632 0
8633 4
8634 2
8635 1
8636 1
8637 1
8638 1
8639 0
8640 2
8641 2
8642 5
8643 2
8644 5
8645 2
8646 1
8647 5
8648 1
8649 2
8650 1
8651 3
8652 5
8653 0
8654 2
8655 2
8656 0
8657 3
8658 3
8659 3
8660 1
8661 2
8662 1
8663 3
8664 2
8665 1
8666 0
8667 1
8668 2
8669 1
8670 0
8671 0
8672 1
8673 1
8674 1
8675 1
8676 1
8677 2
8678 0
8679 0
8680 0
8681 0
8682 0
8683 0
8684 1
8685 1
8686 0
8687 1
8688 0
8689 0
8690 0
8691 1
8692 1
8693 0
8694 0
8695 1
8696 0
8697 0
8698 0
8699 0
8700 2
8701 0
8702 1
8703 0
8704 1
8705 0
8706 0
8707 1
8708 0
8709 0
8710 0
8711 0
8712 0
8713 0
8714 0
8715 0
8716 0
8717 1
8718 0
8719 0
8720 0
8721 0
8722 1
8723 2
8724 0
8725 0
8726 0
8727 2
8728 1
8729 0
8730 0
8731 0
8732 0
8733 2
8734 1
8735 2
8736 1
8737 2
8738 3
8739 0
8740 0
8741 2
8742 1
8743 0
8744 3
8745 2
8746 0
8747 2
8748 3
8749 3
8750 6
8751 4
8752 2
8753 4
8754 4
8755 1
8756 4
8757 0
8758 2
8759 2
8760 4
8761 3
8762 3
8763 3
8764 1
8765 4
8766 0
8767 3
8768 5
8769 7
8770 2
8771 3
8772 2
8773 0
8774 3
8775 2
8776 0
8777 3
8778 0
8779 1
8780 1
8781 3
8782 3
8783 0
8784 2
8785 0
8786 3
8787 1
8788 0
8789 0
8790 0
8791 0
8792 1
8793 3
8794 1
8795 0
8796 3
8797 1
8798 1
8799 0
8800 0
8801 0
8802 1
8803 0
8804 1
8805 0
8806 3
8807 0
8808 0
8809 0
8810 0
8811 1
8812 0
8813 0
8814 0
8815 0
8816 0
8817 0
8818 0
8819 1
8820 1
8821 0
8822 0
8823 0
8824 1
8825 0
8826 0
8827 0
8828 0
8829 0
8830 0
8831 0
8832 0
8833 0
8834 0
8835 0
8836 0
8837 0
8838 0
8839 0
8840 0
8841 0
8842 0
8843 0
8844 1
8845 0
8846 0
8847 0
8848 1
8849 1
8850 2
8851 2
8852 0
8853 0
8854 0
8855 0
8856 2
8857 2
8858 6
8859 5
8860 4
8861 3
8862 8
8863 5
8864 7
8865 8
8866 4
8867 4
8868 6
8869 11
8870 6
8871 6
8872 3
8873 5
8874 4
8875 1
8876 3
8877 4
8878 2
8879 2
8880 2
8881 0
8882 2
8883 1
8884 2
8885 1
8886 0
8887 2
8888 0
8889 1
8890 2
8891 1
8892 1
8893 2
8894 0
8895 2
8896 4
8897 1
8898 2
8899 1
8900 5
8901 1
8902 2
8903 3
8904 3
8905 1
8906 3
8907 6
8908 2
8909 1
8910 0
8911 2
8912 0
8913 2
8914 0
8915 1
8916 2
8917 1
8918 1
8919 0
8920 0
8921 0
8922 1
8923 1
8924 0
8925 1
8926 3
8927 0
8928 0
8929 2
8930 0
8931 1
8932 1
8933 0
8934 1
8935 0
8936 0
8937 0
8938 0
8939 0
8940 0
8941 0
8942 1
8943 0
8944 0
8945 1
8946 0
8947 1
8948 1
8949 0
8950 0
8951 1
8952 0
8953 0
8954 0
8955 0
8956 1
8957 0
8958 0
8959 2
8960 0
8961 1
8962 0
8963 1
8964 0
8965 0
8966 0
8967 1
8968 0
8969 0
8970 0
8971 0
8972 0
8973 1
8974 3
8975 2
8976 5
8977 4
8978 2
8979 2
8980 3
8981 3
8982 3
8983 5
8984 7
8985 5
8986 10
8987 8
8988 12
8989 5
8990 4
8991 2
8992 7
8993 3
8994 0
8995 8
8996 4
8997 3
8998 4
8999 3
9000 0
9001 2
9002 0
9003 1
9004 1
9005 0
9006 0
9007 1
9008 0
9009 0
9010 1
9011 0
9012 1
9013 1
9014 1
9015 2
9016 2
9017 3
9018 3
9019 2
9020 1
9021 4
9022 4
9023 0
9024 0
9025 2
9026 3
9027 1
9028 2
9029 3
9030 3
9031 2
9032 3
9033 1
9034 2
9035 1
9036 1
9037 1
9038 1
9039 1
9040 0
9041 1
9042 1
9043 1
9044 0
9045 1
9046 1
9047 0
9048 0
9049 2
9050 3
9051 3
9052 1
9053 0
9054 2
9055 1
9056 1
9057 1
9058 5
9059 0
9060 2
9061 0
9062 1
9063 0
9064 2
9065 0
9066 1
9067 1
9068 0
9069 1
9070 2
9071 0
9072 1
9073 0
9074 1
9075 0
9076 1
9077 0
9078 0
9079 1
9080 0
9081 0
9082 0
9083 1
9084 1
9085 1
9086 1
9087 0
9088 0
9089 0
9090 1
9091 1
9092 0
9093 0
9094 0
9095 1
9096 1
9097 1
9098 1
9099 0
9100 2
9101 1
9102 0
9103 2
9104 1
9105 0
9106 0
9107 1
9108 0
9109 0
9110 1
9111 0
9112 1
9113 0
9114 1
9115 0
9116 0
9117 1
9118 0
9119 1
9120 0
9121 1
9122 0
9123 0
9124 0
9125 1
9126 1
9127 1
9128 2
9129 0
9130 0
9131 2
9132 0
9133 1
9134 0
9135 0
9136 0
9137 0
9138 0
9139 0
9140 0
9141 1
9142 2
9143 0
9144 0
9145 0
9146 0
9147 0
9148 0
9149 0
9150 0
9151 0
9152 0
9153 0
9154 0
9155 0
9156 1
9157 0
9158 0
9159 0
9160 0
9161 0
9162 0
9163 0
9164 0
9165 1
9166 0
9167 0
9168 0
9169 0
9170 1
9171 1
9172 0
9173 1
9174 0
9175 0
9176 2
9177 1
9178 2
9179 5
9180 0
9181 1
9182 4
9183 2
9184 2
9185 2
9186 5
9187 5
9188 3
9189 3
9190 6
9191 6
9192 2
9193 4
9194 10
9195 3
9196 13
9197 4
9198 5
9199 6
9200 2
9201 4
9202 1
9203 4
9204 2
9205 4
9206 2
9207 1
9208 3
9209 3
9210 2
9211 0
9212 3
9213 3
9214 1
9215 1
9216 0
9217 2
9218 0
9219 4
9220 2
9221 4
9222 2
9223 0
9224 4
9225 5
9226 1
9227 2
9228 5
9229 5
9230 5
9231 4
9232 0
9233 4
9234 2
9235 6
9236 4
9237 3
9238 1
9239 0
9240 2
9241 1
9242 1
9243 5
9244 2
9245 4
9246 2
9247 0
9248 2
9249 1
9250 3
9251 4
9252 3
9253 4
9254 0
9255 1
9256 3
9257 2
9258 4
9259 2
9260 5
9261 1
9262 2
9263 2
9264 2
9265 1
9266 3
9267 4
9268 3
9269 1
9270 4
9271 3
9272 2
9273 3
9274 3
9275 4
9276 0
9277 2
9278 2
9279 1
9280 3
9281 1
9282 2
9283 3
9284 3
9285 1
9286 1
9287 3
9288 0
9289 3
9290 0
9291 2
9292 5
9293 0
9294 2
9295 2
9296 1
9297 2
9298 1
9299 3
9300 6
9301 3
9302 3
9303 3
9304 3
9305 2
9306 3
9307 1
9308 1
9309 2
9310 1
9311 0
9312 2
9313 0
9314 0
9315 3
9316 0
9317 1
9318 1
9319 2
9320 1
9321 1
9322 0
9323 0
9324 1
9325 1
9326 0
9327 1
9328 0
9329 0
9330 1
9331 0
9332 1
9333 0
9334 1
9335 1
9336 2
9337 0
9338 1
9339 2
9340 0
9341 0
9342 0
9343 0
9344 0
9345 0
9346 0
9347 1
9348 0
9349 0
9350 0
9351 1
9352 0
9353 0
9354 0
9355 0
9356 0
9357 0
9358 0
9359 0
9360 0
9361 0
9362 0
9363 0
9364 1
9365 0
9366 0
9367 0
9368 0
9369 0
9370 0
9371 0
9372 0
9373 0
9374 0
9375 0
9376 0
9377 0
9378 0
9379 0
9380 0
9381 0
9382 0
9383 0
9384 0
9385 0
9386 0
9387 0
9388 0
9389 0
9390 0
9391 0
9392 0
9393 0
9394 0
9395 0
9396 0
9397 0
9398 0
9399 0
9400 0
9401 0
9402 0
9403 0
9404 0
9405 0
9406 0
9407 0
9408 0
9409 0
9410 0
9411 0
9412 0
9413 0
9414 0
9415 0
9416 0
9417 0
9418 0
9419 1
9420 1
9421 0
9422 0
9423 1
9424 1
9425 0
9426 1
9427 0
9428 0
9429 2
9430 1
9431 2
9432 0
9433 1
9434 1
9435 1
9436 2
9437 0
9438 3
9439 1
9440 0
9441 1
9442 2
9443 3
9444 2
9445 6
9446 2
9447 1
9448 2
9449 4
9450 1
9451 1
9452 0
9453 2
9454 0
9455 0
9456 1
9457 4
9458 0
9459 2
9460 1
9461 2
9462 2
9463 4
9464 1
9465 0
9466 0
9467 3
9468 1
9469 1
9470 0
9471 1
9472 2
9473 3
9474 0
9475 2
9476 1
9477 1
9478 1
9479 2
9480 3
9481 3
9482 1
9483 0
9484 1
9485 0
9486 0
9487 0
9488 1
9489 1
9490 0
9491 2
9492 1
9493 0
9494 0
9495 1
9496 1
9497 1
9498 0
9499 0
9500 0
9501 0
9502 1
9503 0
9504 2
9505 1
9506 0
9507 1
9508 0
9509 0
9510 0
9511 1
9512 1
9513 0
9514 0
9515 2
9516 2
9517 0
9518 1
9519 0
9520 1
9521 2
9522 0
9523 0
9524 0
9525 0
9526 0
9527 0
9528 0
9529 0
9530 0
9531 0
9532 0
9533 0
9534 0
9535 0
9536 0
9537 2
9538 0
9539 0
9540 0
9541 0
9542 0
9543 0
9544 0
9545 0
9546 3
9547 0
9548 1
9549 1
9550 0
9551 0
9552 0
9553 0
9554 2
9555 2
9556 0
9557 1
9558 1
9559 1
9560 0
9561 0
9562 2
9563 1
9564 1
9565 1
9566 2
9567 1
9568 0
9569 1
9570 1
9571 2
9572 1
9573 1
9574 0
9575 3
9576 1
9577 1
9578 1
9579 1
9580 1
9581 1
9582 2
9583 3
9584 3
9585 0
9586 1
9587 1
9588 2
9589 1
9590 0
9591 3
9592 2
9593 2
9594 1
9595 1
9596 1
9597 4
9598 0
9599 1
9600 0
9601 2
9602 0
9603 0
9604 0
9605 1
9606 1
9607 2
9608 2
9609 0
9610 2
9611 1
9612 1
9613 2
9614 1
9615 0
9616 2
9617 1
9618 1
9619 0
9620 2
9621 1
9622 2
9623 1
9624 0
9625 1
9626 1
9627 0
9628 1
9629 1
9630 2
9631 1
9632 0
9633 1
9634 1
9635 1
9636 1
9637 0
9638 0
9639 1
9640 1
9641 0
9642 0
9643 0
9644 0
9645 0
9646 0
9647 0
9648 0
9649 0
9650 0
9651 0
9652 0
9653 0
9654 0
9655 0
9656 1
9657 1
9658 0
9659 0
9660 0
9661 0
9662 0
9663 0
9664 0
9665 0
9666 0
9667 0
9668 0
9669 0
9670 0
9671 0
9672 1
9673 0
9674 0
9675 1
9676 1
9677 0
9678 0
9679 0
9680 0
9681 0
9682 0
9683 0
9684 0
9685 0
9686 0
9687 0
9688 0
9689 0
9690 0
9691 0
9692 1
9693 0
9694 0
9695 0
9696 0
9697 0
9698 0
9699 0
9700 0
9701 0
9702 0
9703 0
9704 0
9705 0
9706 0
9707 0
9708 1
9709 0
9710 1
9711 0
9712 0
9713 0
9714 0
9715 0
9716 0
9717 0
9718 0
9719 0
9720 0
9721 0
9722 0
9723 1
9724 0
9725 0
9726 0
9727 0
9728 0
9729 0
9730 0
9731 0
9732 0
9733 0
9734 0
9735 0
9736 0
9737 1
9738 0
9739 0
9740 0
9741 2
9742 0
9743 1
9744 1
9745 0
9746 1
9747 2
9748 1
9749 1
9750 0
9751 0
9752 0
9753 0
9754 0
9755 3
9756 3
9757 0
9758 1
9759 4
9760 0
9761 0
9762 1
9763 6
9764 3
9765 2
9766 4
9767 4
9768 2
9769 3
9770 0
9771 3
9772 1
9773 4
9774 5
9775 5
9776 6
9777 6
9778 4
9779 4
9780 2
9781 4
9782 5
9783 4
9784 1
9785 3
9786 4
9787 1
9788 3
9789 3
9790 2
9791 5
9792 1
9793 4
9794 4
9795 4
9796 4
9797 1
9798 2
9799 4
9800 1
9801 0
9802 0
9803 1
9804 3
9805 5
9806 3
9807 1
9808 2
9809 4
9810 3
9811 4
9812 4
9813 4
9814 6
9815 4
9816 3
9817 4
9818 2
9819 2
9820 1
9821 2
9822 2
9823 0
9824 3
9825 2
9826 0
9827 6
9828 3
9829 1
9830 3
9831 2
9832 5
9833 2
9834 4
9835 4
9836 2
9837 1
9838 1
9839 0
9840 4
9841 2
9842 2
9843 0
9844 0
9845 3
9846 3
9847 2
9848 1
9849 3
9850 4
9851 2
9852 4
9853 1
9854 1
9855 1
9856 0
9857 1
9858 2
9859 2
9860 1
9861 3
9862 2
9863 2
9864 1
9865 3
9866 3
9867 3
9868 0
9869 0
9870 1
9871 3
9872 1
9873 3
9874 5
9875 1
9876 1
9877 0
9878 1
9879 2
9880 0
9881 1
9882 1
9883 1
9884 0
9885 1
9886 2
9887 2
9888 0
9889 0
9890 1
9891 2
9892 1
9893 1
9894 0
9895 0
9896 1
9897 0
9898 3
9899 1
9900 1
9901 1
9902 2
9903 4
9904 1
9905 2
9906 1
9907 1
9908 1
9909 1
9910 1
9911 3
9912 0
9913 1
9914 6
9915 3
9916 6
9917 3
9918 2
9919 2
9920 4
9921 3
9922 4
9923 5
9924 5
9925 8
9926 3
9927 3
9928 3
9929 9
9930 3
9931 0
9932 1
9933 2
9934 4
9935 6
9936 2
9937 1
9938 5
9939 0
9940 2
9941 1
9942 1
9943 3
9944 0
9945 1
9946 2
9947 3
9948 1
9949 1
9950 0
9951 1
9952 6
9953 3
9954 0
9955 3
9956 1
9957 0
9958 4
9959 3
9960 2
9961 0
9962 2
9963 1
9964 0
9965 3
9966 2
9967 2
9968 0
9969 2
9970 0
9971 4
9972 1
9973 1
9974 2
9975 2
9976 0
9977 1
9978 1
9979 0
9980 0
9981 1
9982 0
9983 0
9984 0
9985 0
9986 1
9987 1
9988 2
9989 0
9990 0
9991 0
9992 0
9993 0
9994 0
9995 0
9996 0
9997 0
9998 0
9999 0
10000 0
10001 0
